0.1 0.0499583 0.00166583 0.000249584 0.00332168 0.00117792
0.0909091 0.0454232 0.00137684 0.00018757 0.00274686 0.000973574
0.0826446 0.0412988 0.00113797 0.000140958 0.00227127 0.000804664
0.0751315 0.0375481 0.000940524 0.000105925 0.00187786 0.000665051
0.0683013 0.0341374 0.000777331 7.95958e-05 0.00155249 0.000549656
0.0620921 0.0310361 0.000642448 5.98096e-05 0.00128341 0.00045428
0.0564474 0.0282162 0.000530967 4.49408e-05 0.00106092 0.00037545
0.0513158 0.0256523 0.000438828 3.37678e-05 0.000876962 0.000310298
0.0466507 0.0233211 0.000362676 2.53722e-05 0.000724878 0.00025645
0.0424098 0.0212017 0.000299738 1.90637e-05 0.000599152 0.000211947
0.0385543 0.0192748 0.000247721 1.43236e-05 0.000495221 0.000175165
0.0350494 0.0175229 0.000204731 1.0762e-05 0.000409311 0.000144766
0.0318631 0.0159302 0.000169201 8.08593e-06 0.000338298 0.000119643
0.0289664 0.0144822 0.000139837 6.07526e-06 0.000279603 9.88794e-05
0.0263331 0.0131658 0.000115568 4.56454e-06 0.000231088 8.17191e-05
0.0239392 0.011969 9.55115e-05 3.42948e-06 0.00019099 6.75368e-05
0.0217629 0.010881 7.89355e-05 2.57666e-06 0.000157849 5.58158e-05
0.0197845 0.00989191 6.52362e-05 1.93591e-06 0.000130457 4.6129e-05
0.0179859 0.0089927 5.39144e-05 1.45449e-06 0.000107818 3.81233e-05
0.0163508 0.00817522 4.45575e-05 1.09279e-06 8.91079e-05 3.15069e-05
0.0148644 0.00743204 3.68245e-05 8.21037e-07 7.36441e-05 2.60388e-05
0.0135131 0.00675643 3.04335e-05 6.16861e-07 6.08637e-05 2.15197e-05
0.0122846 0.00614222 2.51517e-05 4.6346e-07 5.03011e-05 1.77849e-05
0.0111678 0.00558385 2.07866e-05 3.48206e-07 4.15716e-05 1.46983e-05
0.0101526 0.00507624 1.7179e-05 2.61613e-07 3.43569e-05 1.21474e-05
0.0092296 0.00461477 1.41975e-05 1.96554e-07 2.83943e-05 1.00392e-05
0.00839055 0.00419525 1.17335e-05 1.47674e-07 2.34665e-05 8.29684e-06
0.00762777 0.00381387 9.69711e-06 1.1095e-07 1.93939e-05 6.85689e-06
0.00693433 0.00346715 8.01415e-06 8.33587e-08 1.60281e-05 5.66686e-06
0.00630394 0.00315196 6.62327e-06 6.26287e-08 1.32464e-05 4.68336e-06
0.00573086 0.00286542 5.47377e-06 4.70539e-08 1.09474e-05 3.87054e-06
0.00520987 0.00260493 4.52378e-06 3.53524e-08 9.04749e-06 3.1988e-06
0.00473624 0.00236812 3.73866e-06 2.65608e-08 7.47728e-06 2.64363e-06
0.00430568 0.00215283 3.08981e-06 1.99555e-08 6.17958e-06 2.18482e-06
0.00391425 0.00195712 2.55356e-06 1.49929e-08 5.10709e-06 1.80564e-06
0.00355841 0.0017792 2.11038e-06 1.12644e-08 4.22074e-06 1.49226e-06
0.00323492 0.00161746 1.74412e-06 8.46308e-09 3.48822e-06 1.23328e-06
0.00294083 0.00147042 1.44142e-06 6.35845e-09 2.88283e-06 1.01924e-06
0.00267349 0.00133674 1.19125e-06 4.77722e-09 2.3825e-06 8.42344e-07
0.00243044 0.00121522 9.84508e-07 3.58916e-09 1.96901e-06 6.96152e-07
0.00220949 0.00110475 8.13643e-07 2.69658e-09 1.62728e-06 5.75332e-07
0.00200863 0.00100431 6.72432e-07 2.02594e-09 1.34486e-06 4.75481e-07
0.00182603 0.000913013 5.55729e-07 1.52219e-09 1.11146e-06 3.9296e-07
0.00166002 0.000830012 4.5928e-07 1.14365e-09 9.1856e-07 3.2476e-07
0.00150911 0.000754557 3.7957e-07 8.59236e-10 7.59141e-07 2.68397e-07
0.00137192 0.00068596 3.13695e-07 6.45577e-10 6.27389e-07 2.21816e-07
0.0012472 0.0006236 2.59252e-07 4.84966e-10 5.18503e-07 1.83319e-07
0.00113382 0.00056691 2.14258e-07 3.64307e-10 4.28515e-07 1.51503e-07
0.00103074 0.000515372 1.77072e-07 2.73855e-10 3.54145e-07 1.25209e-07
0.000937041 0.00046852 1.46341e-07 2.05744e-10 2.92681e-07 1.03479e-07
0.000851855 0.000425928 1.20943e-07 1.54441e-10 2.41886e-07 8.55195e-08
0.000774414 0.000387207 9.99527e-08 1.16052e-10 1.99906e-07 7.06773e-08
0.000704013 0.000352006 8.26057e-08 8.71289e-11 1.65211e-07 5.84111e-08
0.000640011 0.000320006 6.82693e-08 6.56581e-11 1.36538e-07 4.82736e-08
0.000581829 0.000290914 5.64206e-08 4.94214e-11 1.12842e-07 3.98956e-08
0.000528935 0.000264468 4.66287e-08 3.7047e-11 9.32574e-08 3.29715e-08
0.00048085 0.000240425 3.85361e-08 2.79374e-11 7.70723e-08 2.72492e-08
0.000437136 0.000218568 3.18482e-08 2.08261e-11 6.36957e-08 2.25198e-08
0.000397397 0.000198698 2.63206e-08 1.53656e-11 5.26415e-08 1.86115e-08
0.00036127 0.000180635 2.17525e-08 1.16778e-11 4.35057e-08 1.53816e-08
0.000328427 0.000164214 1.79777e-08 9.12715e-12 3.59541e-08 1.2712e-08
0.00029857 0.000149285 1.48574e-08 6.50732e-12 2.97146e-08 1.05058e-08
0.000271427 0.000135714 1.22792e-08 4.90838e-12 2.45568e-08 8.68231e-09
0.000246752 0.000123376 1.0148e-08 3.59948e-12 2.02948e-08 7.17566e-09
0.00022432 0.00011216 8.38659e-09 2.47464e-12 1.67732e-08 5.93015e-09
0.000203927 0.000101964 6.93137e-09 2.44989e-12 1.38613e-08 4.90065e-09
0.000185388 9.26942e-05 5.7278e-09 2.09602e-12 1.14572e-08 4.05059e-09
0.000168535 8.42675e-05 4.73438e-09 9.88124e-13 9.46699e-09 3.34711e-09
0.000153214 7.66068e-05 3.91211e-09 3.62312e-13 7.82509e-09 2.76655e-09
0.000139285 6.96426e-05 3.23296e-09 0 6.46801e-09 2.2866e-09
0.000126623 6.33114e-05 2.67147e-09 1.31519e-12 5.34608e-09 1.88953e-09
0.000115112 5.75558e-05 2.20875e-09 4.82237e-13 4.4166e-09 1.56191e-09
0.000104647 5.23235e-05 1.82508e-09 5.30461e-13 3.65042e-09 1.29056e-09
9.51336e-05 4.75668e-05 1.50874e-09 0 3.01646e-09 1.06697e-09
8.64851e-05 4.32426e-05 1.24625e-09 6.41858e-13 2.49359e-09 8.81296e-10
7.86228e-05 3.93114e-05 1.03092e-09 0 2.05985e-09 7.29625e-10
7.14753e-05 3.57376e-05 8.52965e-10 1.5533e-12 1.69984e-09 6.01972e-10
6.49775e-05 3.24888e-05 7.03017e-10 0 1.40802e-09 4.97435e-10
5.90705e-05 2.95352e-05 5.81916e-10 9.39744e-13 1.16275e-09 4.12516e-10
5.37004e-05 2.68502e-05 4.80609e-10 1.03372e-12 9.6126e-10 3.4025e-10
4.88186e-05 2.44093e-05 3.98436e-10 0 7.90917e-10 2.80707e-10
4.43805e-05 2.21903e-05 3.29953e-10 1.2508e-12 6.52361e-10 2.3295e-10
4.03459e-05 2.0173e-05 2.69978e-10 1.37588e-12 5.43919e-10 1.91548e-10
3.66781e-05 1.83391e-05 2.26196e-10 3.02694e-12 4.4342e-10 1.57426e-10
3.33438e-05 1.66719e-05 1.85466e-10 1.66481e-12 3.70437e-10 1.31092e-10
3.03125e-05 1.51562e-05 1.5597e-10 0 2.99791e-10 1.07618e-10
2.75568e-05 1.37784e-05 1.24264e-10 4.02885e-12 2.59454e-10 9.00375e-11
2.50517e-05 1.25258e-05 1.0391e-10 0 2.09882e-10 7.29149e-11
2.27742e-05 1.13871e-05 9.01887e-11 0 1.64269e-10 6.22787e-11
2.07038e-05 1.03519e-05 6.73861e-11 5.3624e-12 1.52301e-10 5.17976e-11
1.88217e-05 9.41084e-06 6.24945e-11 2.94932e-12 1.08735e-10 3.7319e-11
1.71106e-05 8.55531e-06 4.28095e-11 3.24425e-12 1.10066e-10 3.49595e-11
1.55551e-05 7.77755e-06 4.47221e-11 3.56868e-12 6.91214e-11 2.58755e-11
1.4141e-05 7.0705e-06 3.48682e-11 0 6.51157e-11 2.40911e-11
1.28555e-05 6.42773e-06 1.96627e-11 4.3181e-12 7.16049e-11 1.85953e-11
1.16868e-05 5.84339e-06 1.48822e-11 9.49982e-12 6.29081e-11 1.98906e-11
1.06243e-05 5.31218e-06 2.8031e-11 5.2249e-12 1.79576e-11 1.32407e-11
9.6585e-06 4.82924e-06 5.95624e-12 5.74739e-12 5.21818e-11 1.21957e-11
8.78045e-06 4.39023e-06 2.16496e-11 0 4.25415e-12 4.724e-12
7.98223e-06 3.99111e-06 1.94195e-11 6.95434e-12 1.47038e-12 1.16783e-11
7.25657e-06 3.62829e-06 2.0358e-11 7.64978e-12 9.32876e-12 8.201e-12
6.59688e-06 3.29845e-06 8.70437e-12 1.68295e-11 4.72933e-11 9.73088e-12
5.99717e-06 2.99857e-06 2.36956e-11 1.85125e-11 2.42253e-11 3.66929e-13
5.45197e-06 2.72599e-06 3.26228e-12 1.01819e-11 1.81242e-11 2.21823e-12
4.95634e-06 2.47817e-06 2.03144e-11 1.12e-11 3.04322e-11 1.81855e-13
4.50576e-06 2.25289e-06 1.68365e-12 2.46401e-11 8.46723e-12 4.66194e-12
4.09615e-06 2.04807e-06 2.08085e-11 1.3552e-11 3.95236e-11 1.0822e-11
3.72377e-06 1.86189e-06 3.11646e-11 0 5.40459e-11 2.72993e-12
3.38524e-06 1.69263e-06 5.01399e-12 1.6398e-11 1.07439e-11 1.23923e-12
3.07749e-06 1.53873e-06 3.40097e-11 3.60755e-11 6.53496e-11 4.00679e-13
2.79772e-06 1.39887e-06 1.93056e-11 1.98416e-11 1.53919e-11 1.58333e-11
2.54338e-06 1.2717e-06 2.85407e-11 0 7.54266e-11 2.97223e-11
2.31217e-06 1.15609e-06 1.99976e-11 2.40083e-11 2.26708e-11 2.04768e-11
2.10197e-06 1.05098e-06 1.05489e-11 2.64091e-11 1.27582e-11 2.28777e-11
1.91088e-06 9.55455e-07 1.04505e-11 2.905e-11 8.62466e-12 1.93768e-11
1.73717e-06 8.68601e-07 3.35848e-11 3.1955e-11 9.59859e-11 1.54832e-11
1.57924e-06 7.89621e-07 5.90614e-11 0 1.28115e-10 1.86787e-11
1.43567e-06 7.17865e-07 5.34925e-11 3.86656e-11 1.31854e-10 1.16487e-11
1.30516e-06 6.52613e-07 8.31268e-12 8.50643e-11 7.46081e-12 2.7115e-11
1.18651e-06 5.93238e-07 2.52762e-11 4.67853e-11 2.45722e-11 2.65743e-12
1.07864e-06 5.39341e-07 2.52355e-11 5.14639e-11 2.46535e-11 7.33591e-12
9.80585e-07 4.90245e-07 6.6373e-11 1.13221e-10 1.79113e-10 6.47136e-11
8.91441e-07 4.45738e-07 2.10567e-11 6.22713e-11 2.06594e-11 1.94255e-11
8.10401e-07 4.05237e-07 2.87834e-11 6.84984e-11 2.91116e-11 1.94255e-11
7.36728e-07 3.68302e-07 5.62019e-11 1.50697e-10 5.64733e-11 3.9975e-11
6.69753e-07 3.34848e-07 1.16496e-10 8.28831e-11 2.82486e-10 1.27687e-11
6.08866e-07 3.04512e-07 1.61036e-11 1.82343e-10 1.59183e-11 2.8673e-11
5.53514e-07 2.76796e-07 1.61967e-10 1.00289e-10 3.62391e-10 4.42641e-11
5.03195e-07 2.51524e-07 1.49647e-12 1.10317e-10 1.36979e-12 2.59378e-11
4.5745e-07 2.28622e-07 1.3387e-10 2.42698e-10 3.76464e-10 5.90331e-11
4.15864e-07 2.07968e-07 1.1755e-11 1.33484e-10 1.18416e-11 1.04935e-11
3.78058e-07 1.8912e-07 1.17599e-11 1.46832e-10 1.18314e-11 2.95517e-11
3.43689e-07 1.71853e-07 7.04972e-11 0 7.05562e-11 1.48684e-11
3.12444e-07 1.56347e-07 1.35107e-10 1.77667e-10 1.35156e-10 1.14344e-10
2.8404e-07 1.41885e-07 2.20225e-10 1.95434e-10 6.11052e-10 1.14344e-10
2.58219e-07 1.28986e-07 1.42049e-10 2.14977e-10 1.42015e-10 4.2003e-11
2.34744e-07 1.17292e-07 2.87908e-10 2.36475e-10 7.60886e-10 2.78478e-10
2.13404e-07 1.0665e-07 3.825e-10 0 9.02768e-10 5.25873e-11
1.94003e-07 9.72859e-08 1.37744e-10 5.7227e-10 1.37725e-10 3.11584e-10
1.76367e-07 8.81295e-08 2.05619e-10 0 2.05635e-10 3.17776e-11
1.60333e-07 8.03238e-08 2.97977e-10 3.46223e-10 2.97965e-10 1.57071e-10
1.45758e-07 7.31223e-08 1.59487e-10 3.80846e-10 1.59477e-10 2.26316e-10
1.32507e-07 6.61909e-08 3.11825e-10 0 3.11816e-10 3.78654e-10
1.20461e-07 5.9907e-08 1.90892e-10 4.60823e-10 1.90899e-10 3.33527e-10
1.0951e-07 5.47458e-08 9.28209e-10 0 1.94203e-09 2.19461e-10
9.95544e-08 5.01836e-08 5.22685e-10 5.57596e-10 5.2269e-10 2.36754e-10
9.0504e-08 4.53883e-08 9.68763e-10 0 2.19548e-09 6.94756e-11
8.22764e-08 4.04815e-08 2.57948e-10 1.34938e-09 2.57944e-10 5.31953e-11
7.47967e-08 3.7108e-08 8.21558e-10 7.4216e-10 2.30588e-09 2.16681e-10
6.7997e-08 3.42878e-08 3.65898e-10 8.16376e-10 3.65896e-10 5.25479e-10
6.18155e-08 3.05325e-08 3.65898e-10 8.98014e-10 3.65896e-10 4.59844e-11
5.61959e-08 2.76588e-08 3.52513e-10 9.87815e-10 3.52515e-10 4.0519e-10
5.10872e-08 2.60783e-08 1.62312e-09 1.0866e-09 3.79631e-09 1.08845e-10
4.64429e-08 2.39051e-08 1.62312e-09 1.19526e-09 4.01363e-09 1.63008e-09
4.22208e-08 2.10365e-08 1.14501e-09 0 1.14501e-09 1.11901e-09
3.83825e-08 2.02476e-08 2.19684e-09 1.44626e-09 5.08936e-09 4.5873e-10
3.48932e-08 1.59089e-08 1.85269e-09 3.18177e-09 5.03446e-09 9.8753e-10
3.17211e-08 1.74997e-08 5.63742e-11 3.49995e-09 5.63736e-11 1.4648e-09
2.88374e-08 1.53998e-08 2.15634e-09 1.92497e-09 6.00629e-09 2.85179e-10
2.62158e-08 1.27048e-08 6.16366e-10 0 6.16366e-10 2.92313e-10
2.38325e-08 1.39753e-08 1.46335e-09 4.65843e-09 1.46335e-09 7.15807e-10
2.16659e-08 1.02486e-08 2.26339e-09 0 2.26339e-09 1.84633e-09
1.96963e-08 1.12734e-08 4.3131e-09 2.81835e-09 9.94981e-09 9.7202e-10
1.79057e-08 6.20037e-09 4.70562e-09 6.20037e-09 1.0906e-08 2.12817e-09
1.62779e-08 6.82041e-09 3.9749e-09 3.41021e-09 1.07953e-08 3.45217e-09
1.47981e-08 7.50245e-09 3.9749e-09 0 1.14774e-08 1.06503e-09
1.34528e-08 8.2527e-09 3.52755e-09 4.12635e-09 3.52755e-09 1.44015e-09
1.22299e-08 9.07797e-09 4.72515e-09 4.53898e-09 1.38031e-08 4.32859e-09
1.11181e-08 9.98576e-09 7.21634e-10 9.98576e-09 7.21634e-10 6.97405e-10
1.01073e-08 0 5.26983e-09 1.09843e-08 5.26983e-09 6.79192e-09
9.18848e-09 0 7.46669e-09 1.20828e-08 1.95495e-08 3.47904e-10
8.35316e-09 0 1.22998e-08 6.64553e-09 2.55909e-08 2.67279e-09
7.59378e-09 0 1.66696e-09 7.31008e-09 1.66696e-09 1.45798e-11
6.90344e-09 0 1.33631e-08 8.04109e-09 2.94453e-08 4.37147e-09
6.27585e-09 0 1.65795e-08 8.8452e-09 3.42699e-08 6.78379e-09
5.70532e-09 0 1.17251e-08 9.72972e-09 3.11845e-08 2.94592e-09
5.18666e-09 0 1.17251e-08 0 3.31305e-08 1.91894e-09
4.71514e-09 0 1.60062e-08 0 3.95521e-08 8.78375e-09
4.28649e-09 0 7.53973e-09 0 7.53973e-09 1.11383e-08
3.89681e-09 0 8.00057e-09 0 8.00057e-09 1.21721e-08
3.54256e-09 0 3.39565e-09 0 3.39565e-09 6.48639e-10
3.22051e-09 0 2.7944e-08 0 6.24175e-08 5.61928e-09
2.92773e-09 0 1.41545e-08 0 1.41545e-08 2.28561e-08
2.66157e-09 0 3.13506e-08 0 7.30636e-08 2.47521e-08
2.41961e-09 0 2.3008e-08 0 6.88923e-08 2.26665e-08
2.19965e-09 0 2.28763e-08 0 2.28763e-08 3.18433e-08
1.99968e-09 0 3.29709e-08 0 8.84909e-08 3.4876e-09
1.81789e-09 0 1.14451e-08 0 1.14451e-08 2.01436e-08
1.65263e-09 0 3.74125e-08 0 1.04592e-07 2.31972e-08
1.50239e-09 0 3.74125e-08 0 1.1131e-07 2.99151e-08
1.36581e-09 0 3.64847e-08 0 3.64847e-08 3.361e-08
1.24164e-09 0 3.96992e-09 0 3.96992e-09 2.9691e-09
1.12877e-09 0 6.75625e-08 0 1.6592e-07 2.38556e-08
1.02615e-09 0 1.06905e-07 0 2.15098e-07 1.54873e-08
9.32866e-10 0 4.19897e-08 0 4.19897e-08 2.63066e-08
8.4806e-10 0 1.81873e-08 0 1.81873e-08 2.0356e-08
7.70963e-10 0 1.81873e-08 0 1.81873e-08 2.0356e-08
7.00876e-10 0 9.70165e-08 0 2.55422e-07 4.19567e-08
6.3716e-10 0 1.56432e-07 0 3.30677e-07 1.34851e-08
5.79236e-10 0 1.22361e-07 0 3.14031e-07 8.235e-08
5.26578e-10 0 4.56932e-08 0 4.56932e-08 1.0932e-07
4.78708e-10 0 8.08091e-08 0 8.08091e-08 3.82658e-08
4.35189e-10 0 1.97496e-07 0 4.52609e-07 6.14579e-08
3.95626e-10 0 2.61707e-07 0 5.42332e-07 1.5076e-08
3.5966e-10 0 1.89169e-08 0 1.89169e-08 2.70176e-08
3.26964e-10 0 2.65866e-07 0 6.05422e-07 7.33207e-08
2.9724e-10 0 1.97955e-07 0 5.71466e-07 2.60076e-07
2.70218e-10 0 3.2496e-07 0 7.35822e-07 1.38153e-09
2.45653e-10 0 2.42788e-07 0 6.94736e-07 2.06813e-07
2.23321e-10 0 3.8994e-07 0 8.87083e-07 3.43584e-09
2.03019e-10 0 1.07203e-07 0 1.07203e-07 1.70564e-07
1.84562e-10 0 5.49026e-07 0 1.15057e-06 6.50702e-09
1.67784e-10 0 4.13443e-07 0 1.07514e-06 3.54419e-07
1.52531e-10 0 6.78122e-07 0 1.40599e-06 1.41854e-07
1.38665e-10 0 7.77612e-07 0 1.57827e-06 3.26741e-08
1.26059e-10 0 4.5735e-07 0 1.33807e-06 1.1274e-07
1.14599e-10 0 7.10811e-08 0 7.10811e-08 6.87036e-08
1.04181e-10 0 4.58598e-07 0 4.58598e-07 3.59341e-07
9.47097e-11 0 6.07073e-07 0 1.77931e-06 2.52774e-07
8.60998e-11 0 3.72625e-07 0 3.72625e-07 2.16121e-07
7.82725e-11 0 1.43159e-07 0 1.43159e-07 2.3519e-07
7.11568e-11 0 4.24204e-07 0 4.24204e-07 7.57695e-07
6.4688e-11 0 1.12154e-07 0 1.12154e-07 2.11608e-07
5.88073e-11 0 1.82843e-06 0 3.71633e-06 5.54863e-07
5.34612e-11 0 1.07327e-06 0 3.14996e-06 1.04985e-06
4.86011e-11 0 1.07327e-06 0 1.07327e-06 6.115e-07
4.41828e-11 0 1.98701e-06 0 4.49981e-06 4.04097e-08
4.01662e-11 0 2.03346e-06 0 4.79754e-06 1.54809e-06
3.65147e-11 0 2.38906e-06 0 5.42954e-06 1.10358e-07
3.31952e-11 0 1.17286e-06 0 1.17286e-06 4.97738e-07
3.01774e-11 0 8.33853e-07 0 8.33853e-07 1.16664e-06
2.7434e-11 0 6.3774e-07 0 6.3774e-07 7.98746e-07
2.494e-11 0 6.3774e-07 0 6.3774e-07 5.96402e-07
2.26728e-11 0 2.52574e-07 0 2.52574e-07 1.51245e-07
2.06116e-11 0 4.16996e-06 0 9.55635e-06 8.85754e-07
1.87378e-11 0 4.44828e-06 0 1.03733e-05 7.30166e-07
1.70344e-11 0 2.91748e-07 0 2.91748e-07 1.04735e-06
1.54858e-11 0 2.31527e-06 0 2.31527e-06 1.04735e-06
1.4078e-11 0 5.18299e-06 0 1.30692e-05 3.97116e-06
1.27982e-11 0 2.0285e-06 0 2.0285e-06 1.94351e-06
1.16347e-11 0 1.44144e-06 0 1.44144e-06 6.58947e-07
1.0577e-11 0 8.10089e-06 0 1.85975e-05 5.43011e-06
9.61546e-12 0 4.49499e-06 0 4.49499e-06 4.38046e-06
8.74133e-12 0 1.14227e-05 0 2.41236e-05 2.38033e-07
7.94666e-12 0 1.14388e-05 0 2.54097e-05 2.93718e-06
7.22424e-12 0 2.53213e-06 0 2.53213e-06 8.41539e-07
6.56749e-12 0 1.17529e-05 0 2.86578e-05 5.30567e-06
5.97045e-12 0 1.85149e-05 0 3.71102e-05 1.45626e-06
5.42768e-12 0 3.63863e-06 0 3.63863e-06 3.31579e-06
4.93425e-12 0 4.54331e-06 0 4.54331e-06 1.10026e-05
4.48568e-12 0 1.35434e-05 0 3.82938e-05 1.37478e-05
4.07789e-12 0 1.12069e-05 0 1.12069e-05 8.79769e-06
3.70718e-12 0 2.14636e-05 0 5.14115e-05 6.07515e-06
3.37016e-12 0 9.48438e-06 0 9.48438e-06 8.89882e-06
3.06378e-12 0 3.69271e-06 0 3.69271e-06 3.95741e-06
2.78526e-12 0 2.52969e-05 0 6.51576e-05 1.77848e-05
2.53205e-12 0 3.05081e-05 0 7.43549e-05 1.01177e-05
2.30187e-12 0 3.08774e-05 0 7.91088e-05 9.61335e-06
2.0926e-12 0 2.70004e-05 0 8.00549e-05 3.13834e-05
1.90237e-12 0 5.7887e-05 0 0.000116247 1.28143e-05
1.72943e-12 0 4.6215e-05 0 0.000110411 1.92838e-05
1.57221e-12 0 5.90542e-05 0 0.00012967 3.2123e-05
1.42928e-12 0 1.66848e-05 0 1.66848e-05 1.09383e-05
1.29934e-12 0 4.77557e-05 0 0.000133201 4.97769e-05
1.18122e-12 0 4.77557e-05 0 0.000141745 2.41434e-05
1.07384e-12 0 2.74359e-05 0 2.74359e-05 3.35423e-05
9.76216e-13 0 0.000110147 0 0.000223874 7.69524e-06
8.87469e-13 0 4.90715e-05 0 4.90715e-05 2.07366e-05
8.0679e-13 0 0.000126068 0 0.000263678 1.97157e-06
7.33445e-13 0 4.35024e-05 0 4.35024e-05 5.30724e-05
6.66768e-13 0 4.73201e-05 0 4.73201e-05 3.03668e-05
6.06153e-13 0 4.73201e-05 0 4.73201e-05 6.95381e-05
5.51048e-13 0 0.000120584 0 0.000322058 3.11993e-05
5.00953e-13 0 4.05961e-05 0 4.05961e-05 2.11256e-05
4.55412e-13 0 3.72834e-06 0 3.72834e-06 1.00445e-05
4.14011e-13 0 0.000247513 0 0.000515676 3.87124e-05
3.76373e-13 0 2.06501e-05 0 2.06501e-05 4.17364e-05
3.42158e-13 0 3.83457e-05 0 3.83457e-05 7.12344e-05
3.11052e-13 0 0.000103241 0 0.000103241 3.87866e-05
2.82775e-13 0 0.000388781 0 0.000781398 3.09417e-06
2.57068e-13 0 0.000231734 0 0.000663613 0.000120879
2.33698e-13 0 0.000459272 0 0.000934339 3.02783e-05
2.12453e-13 0 0.000205821 0 0.000205821 0.000196552
1.93139e-13 0 0.000205821 0 0.000205821 0.00022268
1.75581e-13 0 0.000320788 0 0.000953102 0.000179701
1.59619e-13 0 0.000194325 0 0.000194325 0.000262919
1.45108e-13 0 0.000750761 0 0.00151586 0.000154409
1.31917e-13 0 0.000167359 0 0.000167359 0.000154409
1.19924e-13 0 0.000167359 0 0.000167359 0.000182235
1.09022e-13 0 1.77953e-05 0 1.77953e-05 0.000135947
9.91109e-14 0 0.000796883 0 0.00191707 0.000288699
9.01008e-14 0 0.000547336 0 0.000547336 0.000176681
8.19098e-14 0 0.000300896 0 0.000300896 0.00025459
7.44635e-14 0 0.00105453 0 0.00254549 0.00035535
6.76941e-14 0 0.000436438 0 0.000436438 0.000241036
6.15401e-14 0 0.000547598 0 0.000547598 0.000815056
5.59455e-14 0 0.000174029 0 0.000174029 0.000357586
5.08595e-14 0 0.000222866 0 0.000222866 0.000159139
4.6236e-14 0 0.00109603 0 0.00109603 0.00115061
4.20327e-14 0 0.00157628 0 0.00421761 0.000770357
3.82115e-14 0 0.000519743 0 0.000519743 0.00107858
3.47378e-14 0 0.00284412 0 0.00604013 0.000809976
3.15798e-14 0 0.00156571 0 0.00156571 0.00222624
2.87089e-14 0 0.00226883 0 0.00613601 0.000586256
2.6099e-14 0 0.00391865 0 0.00817254 0.000960614
2.37264e-14 0 0.00136631 0 0.00136631 0.000535225
2.15694e-14 0 0.00144126 0 0.00144126 0.00193901
1.96086e-14 0 0.00350014 0 0.00916207 0.000634595
1.7826e-14 0 0.00350014 0 0.00972827 0.000214694
1.62054e-14 0 0.000236733 0 0.000236733 0.00146032
1.47322e-14 0 0.00524402 0 0.01278 0.00128006
1.33929e-14 0 0.00524402 0 0.0135336 0.00165686
1.21754e-14 0 0.00304562 0 0.00304562 0.00414375
1.10685e-14 0 0.00304562 0 0.00304562 4.03785e-05
1.00623e-14 0 0.00698484 0 0.0180183 0.00455408
9.14754e-15 0 0.00477814 0 0.00477814 0.00316937
8.31594e-15 0 0.0120603 0 0.0254108 0.000471688
7.55995e-15 0 0.00137982 0 0.00137982 0.00219842
6.87268e-15 0 0.0015573 0 0.0015573 0.00440126
6.24789e-15 0 0.00490436 0 0.00490436 0.00520897
5.6799e-15 0 0.0164191 0 0.0359656 0.00343201
5.16355e-15 0 0.010946 0 0.0324472 0.00243195
4.69413e-15 0 0.00664578 0 0.00664578 0.0093937
4.26739e-15 0 0.011376 0 0.011376 0.00466344
3.87945e-15 0 0.0269859 0 0.055604 0.00596426
3.52677e-15 0 0.00735578 0 0.00735578 0.00119025
3.20616e-15 0 0.0304201 0 0.0650479 0.00276425
2.91469e-15 0 0.00964334 0 0.00964334 0.00242993
2.64972e-15 0 0.00559291 0 0.00559291 0.0051882
2.40883e-15 0 0.0139729 0 0.0139729 0.00728318
2.18985e-15 0 0.0139729 0 0.0139729 0.00267422
1.99077e-15 0 0.00383312 0 0.00383312 0.0100004
1.80979e-15 0 0.0184743 0 0.0184743 0.0323078
1.64526e-15 0 0.0552815 0 0.122761 0.035172
1.4957e-15 0 0.0391904 0 0.113418 0.0390558
1.35972e-15 0 0.0201919 0 0.0201919 0.0130761
1.23611e-15 0 0.0777889 0 0.167605 0.0334887
1.12374e-15 0 0.0120269 0 0.0120269 0.0155256
1.02158e-15 0 0.0867704 0 0.195447 0.000706001
