0.001001001001001 0.000042950782107 0.000000218026807
0.000500250125063 0.000021492697407 0.000000054452468
0.000333444481494 0.000014332298782 0.000000024193203
0.000250062515629 0.000010750668166 0.000000013606870
0.000200040008002 0.000008601233558 0.000000008704181
0.000166694449075 0.000007168041961 0.000000006050494
0.000142877553936 0.000006144278940 0.000000004439627
0.000125015626953 0.000005376403366 0.000000003401827
0.000111123458162 0.000004779145049 0.000000002690306
0.000100010001000 0.000004301334440 0.000000002169703
0.000090917356123 0.000003910315837 0.000000001800706
0.000083340278357 0.000003584547329 0.000000001508572
0.000076928994538 0.000003308778842 0.000000001281494
0.000071433673834 0.000003072496581 0.000000001106333
0.000066671111407 0.000002867599965 0.000000000964980
0.000062503906494 0.000002688442550 0.000000000840074
0.000058826989823 0.000002530314638 0.000000000758447
0.000055558642147 0.000002389739712 0.000000000687292
0.000052634349176 0.000002264090907 0.000000000617634
0.000050002500125 0.000002150732859 0.000000000538167
0.000047621315301 0.000002048329794 0.000000000503864
0.000045456611664 0.000001955336608 0.000000000455107
0.000043480151311 0.000001870408238 0.000000000411426
0.000041668402850 0.000001792332814 0.000000000407064
0.000040001600064 0.000001720627858 0.000000000339007
0.000038463017808 0.000001654510323 0.000000000318378
0.000037038408830 0.000001593522287 0.000000000321119
0.000035715561270 0.000001536260632 0.000000000304075
0.000034483947722 0.000001483377616 0.000000000239613
0.000033334444481 0.000001433887495 0.000000000225452
0.000032259105132 0.000001387585604 0.000000000265038
0.000031250976593 0.000001344373821 0.000000000244016
0.000030303948605 0.000001303649001 0.000000000208074
0.000029412629783 0.000001265483795 0.000000000168093
0.000028572244921 0.000001229159515 0.000000000200991
0.000027778549404 0.000001194992070 0.000000000186553
0.000027027757507 0.000001162219863 0.000000000124434
0.000026316482013 0.000001132055149 0.000000000112695
0.000025641683120 0.000001103007978 0.000000000160213
0.000025000625016 0.000001075271304 0.000000000099824
0.000024390838801 0.000001049495437 0.000000000099356
0.000023810090716 0.000001024080125 0.000000000137817
0.000023256354799 0.000001000581155 0.000000000160004
0.000022727789268 0.000000977577075 0.000000000119059
0.000022222716060 0.000000955561615 0.000000000120837
0.000021739603035 0.000000935245634 0.000000000092837
0.000021277048448 0.000000915207389 0.000000000115401
0.000020833767370 0.000000895821773 0.000000000045832
0.000020408579767 0.000000878026473 0.000000000097409
0.000020000400008 0.000000860160877 0.000000000111427
0.000019608227612 0.000000844268354 0.000000000170772
0.000019231139060 0.000000827910909 0.000000000041869
0.000018868280534 0.000000811722198 0.000000000068787
0.000018518861460 0.000000796628248 0.000000000060936
0.000018182148766 0.000000782026157 0.000000000054188
0.000017857461740 0.000000768038009 0.000000000050511
0.000017544167442 0.000000754814966 0.000000000036456
0.000017241676581 0.000000742445819 0.000000000032414
0.000016949439821 0.000000730193619 0.000000000144486
0.000016666944449 0.000000717225727 0.000000000037401
0.000016393711372 0.000000704494057 0.000000000065070
0.000016129292408 0.000000693889284 0.000000000101041
0.000015873267830 0.000000683437755 0.000000000104630
0.000015625244144 0.000000672166742 0.000000000031989
0.000015384852075 0.000000661123257 0.000000000114895
0.000015151744723 0.000000651278288 0.000000000204908
0.000014925595904 0.000000641969382 0.000000000035704
0.000014706098619 0.000000633790158 0.000000000032916
0.000014492963666 0.000000623404784 0.000000000048433
0.000014285918370 0.000000615523388 0.000000000149714
0.000014084705418 0.000000606285399 0.000000000107063
0.000013889081793 0.000000597978176 0.000000000063713
0.000013698817792 0.000000588731200 0.000000000259466
0.000013513696131 0.000000581118620 0.000000000066537
0.000013333511113 0.000000574505925 0.000000000039475
0.000013158067869 0.000000564948408 0.000000000149453
0.000012987181652 0.000000557527717 0.000000000209597
0.000012820677188 0.000000552360307 0.000000000132873
0.000012658388081 0.000000544894780 0.000000000039465
0.000012500156252 0.000000537201279 0.000000000092382
0.000012345831430 0.000000531960612 0.000000000156133
0.000012195270674 0.000000525366873 0.000000000119437
0.000012048337932 0.000000518354219 0.000000000079347
0.000011904903630 0.000000514940024 0.000000000108083
0.000011764844292 0.000000507362020 0.000000000158604
0.000011628042187 0.000000500768500 0.000000000150727
0.000011494384993 0.000000494457576 0.000000000290143
0.000011363765497 0.000000489658936 0.000000000122693
0.000011236081304 0.000000483183889 0.000000000090219
0.000011111234569 0.000000477477552 0.000000000058109
0.000010989131749 0.000000471917849 0.000000000085499
0.000010869683366 0.000000467841859 0.000000000109498
0.000010752803794 0.000000463264895 0.000000000225975
0.000010638411047 0.000000457119973 0.000000000111193
0.000010526426594 0.000000455187503 0.000000000147283
0.000010416775175 0.000000449555524 0.000000000059445
0.000010309384633 0.000000441331568 0.000000000119756
0.000010204185757 0.000000439601594 0.000000000215138
0.000010101112132 0.000000435532215 0.000000000059617
0.000010000100001 0.000000429874451 0.000000000125781
0.000009901088130 0.000000426314314 0.000000000092241
0.000009804017686 0.000000423560080 0.000000000185008
0.000009708832125 0.000000416015845 0.000000000248955
0.000009615477072 0.000000413866063 0.000000000386799
0.000009523900228 0.000000409929738 0.000000000211483
0.000009434051265 0.000000404646767 0.000000000068063
0.000009345881737 0.000000402513660 0.000000000111235
0.000009259344994 0.000000398813329 0.000000000204979
0.000009174396095 0.000000395072376 0.000000000260605
0.000009090991736 0.000000392441547 0.000000000397246
0.000009009090172 0.000000388024422 0.000000000464377
0.000008928651149 0.000000384435154 0.000000000092887
0.000008849635837 0.000000381684283 0.000000000109165
0.000008772006772 0.000000376879260 0.000000000114602
0.000008695727789 0.000000375246598 0.000000000152634
0.000008620763972 0.000000371246646 0.000000000133118
0.000008547081599 0.000000366038618 0.000000000086307
0.000008474648090 0.000000363361376 0.000000000331531
0.000008403431962 0.000000362418095 0.000000000162342
0.000008333402778 0.000000359536228 0.000000000196529
0.000008264531112 0.000000355801697 0.000000000059067
0.000008196788498 0.000000352086317 0.000000000185846
0.000008130147400 0.000000349691144 0.000000000098710
0.000008064581166 0.000000347822203 0.000000000096095
0.000008000064001 0.000000344939378 0.000000000380590
0.000007936570925 0.000000342154260 0.000000000058489
0.000007874077749 0.000000339461702 0.000000000241025
0.000007812561036 0.000000335317852 0.000000000098419
0.000007751998078 0.000000335582431 0.000000000116234
0.000007692366864 0.000000331460907 0.000000000108693
0.000007633646058 0.000000326844712 0.000000000072261
0.000007575814968 0.000000324486143 0.000000000153220
0.000007518853525 0.000000324286780 0.000000000177499
0.000007462742259 0.000000321362805 0.000000000142916
0.000007407462277 0.000000317630886 0.000000000434420
0.000007352995243 0.000000314965204 0.000000000484032
0.000007299323353 0.000000312392426 0.000000000192443
0.000007246429322 0.000000312026047 0.000000000308201
0.000007194296362 0.000000309886032 0.000000000186731
0.000007142908164 0.000000306630414 0.000000000297730
0.000007092248881 0.000000308418836 0.000000000257903
0.000007042303115 0.000000300458838 0.000000000258413
0.000006993055895 0.000000301760880 0.000000000196559
0.000006944492670 0.000000299073545 0.000000000577213
0.000006896599287 0.000000293976051 0.000000000653669
0.000006849361982 0.000000293187611 0.000000000202295
0.000006802767366 0.000000293408440 0.000000000327561
0.000006756802411 0.000000290399219 0.000000000324679
0.000006711454439 0.000000286937301 0.000000000445789
0.000006666711111 0.000000285438425 0.000000000366215
0.000006622560414 0.000000285015610 0.000000000647409
0.000006578990651 0.000000280369481 0.000000000472328
0.000006535990431 0.000000282933903 0.000000000446937
0.000006493548659 0.000000280802421 0.000000000777763
0.000006451654527 0.000000282221607 0.000000000365777
0.000006410297502 0.000000275268373 0.000000000195901
0.000006369467321 0.000000276033528 0.000000000148696
0.000006329153982 0.000000269648151 0.000000000565378
0.000006289347732 0.000000270848668 0.000000000302042
0.000006250039063 0.000000269689404 0.000000000259041
0.000006211218703 0.000000267066110 0.000000000419088
0.000006172877610 0.000000265659937 0.000000000408904
0.000006135006963 0.000000263428904 0.000000000407297
0.000006097598156 0.000000262985992 0.000000000697798
0.000006060642792 0.000000259688639 0.000000000595521
0.000006024132675 0.000000258188243 0.000000000688534
0.000005988059809 0.000000258524463 0.000000000164296
0.000005952416383 0.000000259190515 0.000000000181696
0.000005917194776 0.000000256844495 0.000000000258635
0.000005882387543 0.000000252484579 0.000000000194599
0.000005847987415 0.000000249587990 0.000000000433270
0.000005813987291 0.000000248002183 0.000000000309778
0.000005780380233 0.000000244679161 0.000000000109791
0.000005747159466 0.000000245498357 0.000000000189452
0.000005714318368 0.000000247331759 0.000000000451831
0.000005681850465 0.000000242597742 0.000000000886729
0.000005649749434 0.000000244821546 0.000000000363258
0.000005618009090 0.000000244328832 0.000000000448368
0.000005586623389 0.000000240571927 0.000000000675968
0.000005555586420 0.000000241309946 0.000000000251619
0.000005524892403 0.000000240894315 0.000000000207979
0.000005494535684 0.000000236694863 0.000000000393707
0.000005464510735 0.000000234978271 0.000000000663390
0.000005434812146 0.000000234305168 0.000000000211402
0.000005405434624 0.000000230663554 0.000000000339719
0.000005376372991 0.000000229198235 0.000000000161636
0.000005347622180 0.000000231964961 0.000000000312172
0.000005319177230 0.000000224414957 0.000000000483620
0.000005291033286 0.000000230402615 0.000000000406908
0.000005263185596 0.000000228317043 0.000000000440511
0.000005235629506 0.000000224495534 0.000000000266198
0.000005208360460 0.000000223420636 0.000000000502584
0.000005181373997 0.000000223921578 0.000000000529290
0.000005154665746 0.000000223177416 0.000000001263816
0.000005128231427 0.000000218771277 0.000000000351902
0.000005102066847 0.000000219571156 0.000000000253158
0.000005076167899 0.000000218379175 0.000000000640621
0.000005050530558 0.000000214360432 0.000000000709282
0.000005025150880 0.000000215058254 0.000000000352152
0.000005000025000 0.000000218093035 0.000000000602155
0.000004975149130 0.000000215628308 0.000000000408247
0.000004950519557 0.000000209773279 0.000000000739428
0.000004926132641 0.000000209674362 0.000000001108401
0.000004901984814 0.000000213445967 0.000000000142209
0.000004878072576 0.000000206416321 0.000000000927507
0.000004854392497 0.000000209495870 0.000000000429178
0.000004830941212 0.000000206022581 0.000000000319538
0.000004807715422 0.000000204834246 0.000000000220268
0.000004784711889 0.000000202672888 0.000000000692897
0.000004761927438 0.000000210501010 0.000000000134208
0.000004739358954 0.000000197422439 0.000000000337529
0.000004717003382 0.000000206656570 0.000000000207639
0.000004694857722 0.000000201225704 0.000000000848045
0.000004672919032 0.000000198391549 0.000000000929816
0.000004651184424 0.000000194183363 0.000000000380506
0.000004629651063 0.000000204049324 0.000000000305292
0.000004608316167 0.000000197013341 0.000000000322820
0.000004587177005 0.000000196048544 0.000000000483171
0.000004566230896 0.000000192796364 0.000000000205138
0.000004545475207 0.000000192867380 0.000000000250954
0.000004524907353 0.000000196324994 0.000000000844520
0.000004504524795 0.000000194934350 0.000000000269030
0.000004484325042 0.000000190631661 0.000000000926083
0.000004464305644 0.000000186755648 0.000000000916298
0.000004444464198 0.000000187206243 0.000000000703510
0.000004424798340 0.000000191506146 0.000000000182347
0.000004405305750 0.000000189985326 0.000000000415276
0.000004385984149 0.000000186855898 0.000000000690559
0.000004366831296 0.000000190279616 0.000000001168443
0.000004347844991 0.000000189982600 0.000000001006034
0.000004329023069 0.000000185390376 0.000000000504886
0.000004310363407 0.000000186628759 0.000000000196654
0.000004291863914 0.000000182090150 0.000000000875736
0.000004273522536 0.000000185127576 0.000000000229046
0.000004255337257 0.000000180118569 0.000000000109565
0.000004237306090 0.000000182664605 0.000000000946322
0.000004219427086 0.000000179411174 0.000000000443314
0.000004201698326 0.000000183635176 0.000000000729428
0.000004184117925 0.000000188587020 0.000000000325293
0.000004166684028 0.000000182443607 0.000000000343619
0.000004149394811 0.000000177488255 0.000000001161434
0.000004132248480 0.000000184975000 0.000000000344549
0.000004115243273 0.000000183510266 0.000000001360538
0.000004098377452 0.000000176062635 0.000000000451240
0.000004081649313 0.000000171999565 0.000000000463697
0.000004065057175 0.000000179105516 0.000000000309313
0.000004048599387 0.000000175027771 0.000000000983974
0.000004032274324 0.000000175225984 0.000000000546264
0.000004016080386 0.000000174058929 0.000000000208123
0.000004000016000 0.000000171679565 0.000000000366132
0.000003984079618 0.000000169012679 0.000000000418558
0.000003968269715 0.000000171271309 0.000000000960155
0.000003952584793 0.000000171758782 0.000000000233844
0.000003937023374 0.000000167776573 0.000000000357898
0.000003921584006 0.000000165734854 0.000000000133846
0.000003906265259 0.000000164819346 0.000000000335003
0.000003891065724 0.000000165463082 0.000000000313081
0.000003875984015 0.000000168982461 0.000000000469772
0.000003861018768 0.000000167699122 0.000000000354323
0.000003846168639 0.000000164756007 0.000000000631636
0.000003831432304 0.000000170145947 0.000000001690998
0.000003816808461 0.000000161117511 0.000000000762158
0.000003802295826 0.000000161149050 0.000000000808995
0.000003787893136 0.000000163940605 0.000000000892499
0.000003773599146 0.000000164901769 0.000000001200222
0.000003759412629 0.000000161667627 0.000000001299921
0.000003745332380 0.000000158675445 0.000000001826975
0.000003731357207 0.000000158282753 0.000000000516139
0.000003717485939 0.000000161999832 0.000000001372545
0.000003703717421 0.000000156628090 0.000000000557444
0.000003690050517 0.000000157490242 0.000000000405336
0.000003676484105 0.000000157047797 0.000000000564172
0.000003663017081 0.000000156522514 0.000000001579397
0.000003649648356 0.000000147938839 0.000000000350064
0.000003636376860 0.000000159029918 0.000000000726015
0.000003623201533 0.000000148482477 0.000000001201102
0.000003610121336 0.000000168874417 0.000000000861484
0.000003597135241 0.000000150159331 0.000000001029694
0.000003584242237 0.000000159523146 0.000000000552528
0.000003571441327 0.000000155797003 0.000000001236468
0.000003558731526 0.000000153319642 0.000000000968619
0.000003546111866 0.000000150947962 0.000000000826489
0.000003533581391 0.000000152287771 0.000000001301009
0.000003521139159 0.000000157284846 0.000000000584252
0.000003508784241 0.000000147030961 0.000000001280064
0.000003496515722 0.000000159148079 0.000000000570223
0.000003484332698 0.000000142196751 0.000000001090067
0.000003472234279 0.000000149169456 0.000000000409641
0.000003460219586 0.000000145438562 0.000000000763355
0.000003448287753 0.000000146484143 0.000000000754343
0.000003436437926 0.000000148945645 0.000000000224258
0.000003424669263 0.000000139713447 0.000000000595804
0.000003412980932 0.000000151796173 0.000000001530165
0.000003401372114 0.000000141934068 0.000000000748623
0.000003389841999 0.000000145835486 0.000000001461652
0.000003378389792 0.000000149331883 0.000000000291688
0.000003367014704 0.000000146367239 0.000000001021576
0.000003355715959 0.000000142663774 0.000000000756914
0.000003344492791 0.000000147246618 0.000000001205832
0.000003333344444 0.000000151811390 0.000000000332257
0.000003322270174 0.000000136945517 0.000000001402375
0.000003311269243 0.000000128480352 0.000000000433118
0.000003300340925 0.000000138255768 0.000000000906102
0.000003289484505 0.000000137010838 0.000000000648491
0.000003278699274 0.000000140199718 0.000000001193993
0.000003267984536 0.000000146148824 0.000000000332000
0.000003257339600 0.000000142575542 0.000000000798804
0.000003246763788 0.000000133417768 0.000000001549981
0.000003236256428 0.000000139492203 0.000000000614925
0.000003225816857 0.000000138187142 0.000000000302005
0.000003215444423 0.000000136721774 0.000000000616818
0.000003205138478 0.000000132236207 0.000000000447523
0.000003194898386 0.000000129079665 0.000000000817145
0.000003184723518 0.000000143304730 0.000000000504657
0.000003174613253 0.000000124697257 0.000000001032008
0.000003164566976 0.000000131524366 0.000000001255649
0.000003154584084 0.000000135447954 0.000000001137010
0.000003144663977 0.000000134984638 0.000000001157310
0.000003134806065 0.000000131185439 0.000000000512894
0.000003125009766 0.000000130130314 0.000000001921309
0.000003115274502 0.000000122443837 0.000000000777181
0.000003105599707 0.000000128451699 0.000000001984075
0.000003095984817 0.000000129272170 0.000000000895935
0.000003086429279 0.000000130934058 0.000000000820472
0.000003076932544 0.000000138152021 0.000000000438731
0.000003067494072 0.000000130756691 0.000000001849502
0.000003058113328 0.000000131139602 0.000000000737259
0.000003048789783 0.000000134345908 0.000000000896001
0.000003039522916 0.000000127472234 0.000000000692123
0.000003030312213 0.000000127602611 0.000000001172779
0.000003021157164 0.000000127955366 0.000000000289046
0.000003012057265 0.000000128167852 0.000000000956698
0.000003003012021 0.000000130887303 0.000000000415063
0.000002994020940 0.000000130252974 0.000000001344763
0.000002985083538 0.000000131268723 0.000000000916009
0.000002976199334 0.000000128627361 0.000000001917869
0.000002967367856 0.000000131909619 0.000000001529396
0.000002958588635 0.000000133499037 0.000000001355929
0.000002949861209 0.000000127333773 0.000000001251645
0.000002941185121 0.000000126224433 0.000000000928115
0.000002932559920 0.000000132075798 0.000000000680429
0.000002923985158 0.000000119260947 0.000000001531714
0.000002915460395 0.000000119398633 0.000000001451351
0.000002906985195 0.000000122460382 0.000000000391882
0.000002898559126 0.000000123629520 0.000000000515518
0.000002890181764 0.000000119615302 0.000000000212052
0.000002881852685 0.000000122219560 0.000000000337697
0.000002873571476 0.000000117917556 0.000000001702249
0.000002865337723 0.000000126556856 0.000000000683856
0.000002857151020 0.000000122928937 0.000000000999003
0.000002849010966 0.000000117441917 0.000000001153603
0.000002840917162 0.000000122504809 0.000000002633072
0.000002832869215 0.000000118560003 0.000000000906070
0.000002824866737 0.000000124271191 0.000000000848323
0.000002816909343 0.000000112958123 0.000000000393399
0.000002808996654 0.000000118036657 0.000000000804377
0.000002801128294 0.000000113560061 0.000000000634906
0.000002793303892 0.000000120249410 0.000000000886849
0.000002785523079 0.000000112755001 0.000000001309695
0.000002777785494 0.000000111414645 0.000000000754972
0.000002770090776 0.000000115142277 0.000000000910490
0.000002762438570 0.000000111668367 0.000000001972606
0.000002754828526 0.000000118960300 0.000000000420831
0.000002747260295 0.000000119705521 0.000000000294138
0.000002739733534 0.000000109319514 0.000000000555177
0.000002732247902 0.000000106164048 0.000000000548054
0.000002724803065 0.000000120355973 0.000000000633876
0.000002717398689 0.000000123912229 0.000000001092460
0.000002710034445 0.000000128266095 0.000000000911965
0.000002702710007 0.000000113321818 0.000000000274237
0.000002695425055 0.000000129366464 0.000000000852160
0.000002688179269 0.000000115494021 0.000000002250946
0.000002680972335 0.000000113456432 0.000000001804702
0.000002673803941 0.000000121805285 0.000000001204097
0.000002666673778 0.000000112380667 0.000000001117020
0.000002659581541 0.000000122706056 0.000000002174823
0.000002652526930 0.000000115800164 0.000000001177321
0.000002645509644 0.000000110836238 0.000000001708266
0.000002638529389 0.000000125195350 0.000000002373399
0.000002631585873 0.000000112046224 0.000000001035397
0.000002624678805 0.000000113381809 0.000000001303036
0.000002617807900 0.000000102109754 0.000000001319397
0.000002610972875 0.000000111572527 0.000000000397515
0.000002604173448 0.000000111092567 0.000000000971112
0.000002597409344 0.000000104181468 0.000000001176794
0.000002590680287 0.000000118111595 0.000000000667166
0.000002583986005 0.000000096472807 0.000000001179824
0.000002577326230 0.000000111021309 0.000000001076242
0.000002570700696 0.000000103891886 0.000000001071544
0.000002564109139 0.000000111353568 0.000000000883417
0.000002557551298 0.000000110044488 0.000000001124848
0.000002551026916 0.000000115173051 0.000000001225376
0.000002544535737 0.000000107502759 0.000000004383076
0.000002538077508 0.000000111735261 0.000000002458793
0.000002531651979 0.000000106404363 0.000000002034429
0.000002525258902 0.000000109337765 0.000000001234750
0.000002518898032 0.000000106374407 0.000000001066328
0.000002512569127 0.000000115529044 0.000000000811465
0.000002506271946 0.000000098414946 0.000000001269471
0.000002500006250 0.000000115375828 0.000000001699145
0.000002493771805 0.000000105579146 0.000000001467307
0.000002487568377 0.000000109461979 0.000000001521599
0.000002481395735 0.000000102536612 0.000000000649329
0.000002475253652 0.000000113629115 0.000000000847013
0.000002469141899 0.000000107943823 0.000000001843139
0.000002463060254 0.000000097486847 0.000000001350335
0.000002457008494 0.000000117163161 0.000000001335457
0.000002450986399 0.000000099395654 0.000000000570068
0.000002444993753 0.000000111601083 0.000000002120027
0.000002439030339 0.000000106674367 0.000000001285106
0.000002433095944 0.000000099621853 0.000000001629178
0.000002427190357 0.000000121232531 0.000000000258134
0.000002421313369 0.000000103738165 0.000000000942471
0.000002415464772 0.000000091309181 0.000000000998871
0.000002409644361 0.000000119215480 0.000000001115295
0.000002403851932 0.000000112888999 0.000000003234205
0.000002398087286 0.000000107472749 0.000000001212863
0.000002392350221 0.000000098927712 0.000000001434164
0.000002386640541 0.000000096721276 0.000000000855801
0.000002380958050 0.000000105757447 0.000000000758980
0.000002375302554 0.000000085822594 0.000000000397698
0.000002369673862 0.000000094788049 0.000000002239852
0.000002364071783 0.000000082855865 0.000000001064351
0.000002358496129 0.000000081436876 0.000000000397209
0.000002352946713 0.000000099787365 0.000000000674417
0.000002347423351 0.000000089019375 0.000000001993065
0.000002341925859 0.000000096437905 0.000000002794458
0.000002336454057 0.000000087620331 0.000000000888153
0.000002331007765 0.000000097647364 0.000000000620332
0.000002325586804 0.000000088409968 0.000000001983745
0.000002320190998 0.000000100931482 0.000000000517601
0.000002314820173 0.000000101640162 0.000000001030843
0.000002309474156 0.000000085278866 0.000000000601231
0.000002304152775 0.000000095537624 0.000000002857407
0.000002298855859 0.000000101390250 0.000000000473053
0.000002293583242 0.000000091104997 0.000000001734822
0.000002288334756 0.000000102073608 0.000000000824017
0.000002283110235 0.000000095510487 0.000000000553916
0.000002277909517 0.000000097991152 0.000000001049486
0.000002272732438 0.000000088617447 0.000000001416028
0.000002267578838 0.000000094534475 0.000000001658336
0.000002262448558 0.000000101357402 0.000000001352832
0.000002257341439 0.000000110530262 0.000000002257995
0.000002252257325 0.000000096287632 0.000000000563151
0.000002247196061 0.000000085600816 0.000000000606453
0.000002242157494 0.000000093908327 0.000000001271608
0.000002237141470 0.000000088362670 0.000000000281091
0.000002232147840 0.000000091523002 0.000000000972185
0.000002227176453 0.000000101810640 0.000000002231904
0.000002222227161 0.000000094797814 0.000000001830154
0.000002217299817 0.000000124557225 0.000000000814213
0.000002212394275 0.000000092183190 0.000000000974344
0.000002207510392 0.000000095943871 0.000000001337241
0.000002202648023 0.000000101542056 0.000000000610273
0.000002197807028 0.000000094237769 0.000000002392736
0.000002192987265 0.000000090790820 0.000000001545872
0.000002188188596 0.000000093766609 0.000000000636560
0.000002183410881 0.000000083816797 0.000000002793641
0.000002178653984 0.000000089361560 0.000000000915291
0.000002173917769 0.000000086254074 0.000000000915705
0.000002169202102 0.000000092820395 0.000000000830088
0.000002164506850 0.000000091344964 0.000000002144105
0.000002159831879 0.000000090581230 0.000000001891557
0.000002155177059 0.000000086795055 0.000000001498236
0.000002150542259 0.000000090937859 0.000000001500392
0.000002145927352 0.000000090316063 0.000000000698993
0.000002141332208 0.000000084318804 0.000000001194259
0.000002136756702 0.000000088236593 0.000000000780661
0.000002132200708 0.000000090180047 0.000000001487109
0.000002127664101 0.000000074398652 0.000000000943500
0.000002123146758 0.000000101384367 0.000000001117081
0.000002118648556 0.000000094641756 0.000000000921886
0.000002114169375 0.000000102336010 0.000000001804969
0.000002109709092 0.000000074574569 0.000000002074727
0.000002105267590 0.000000070625434 0.000000000754836
0.000002100844750 0.000000084023133 0.000000000849676
0.000002096440454 0.000000086320830 0.000000000444810
0.000002092054586 0.000000103170843 0.000000000186066
0.000002087687031 0.000000085311240 0.000000000819740
0.000002083337674 0.000000082733980 0.000000001535395
0.000002079006401 0.000000073500433 0.000000002350194
0.000002074693101 0.000000087155553 0.000000001408716
0.000002070397661 0.000000096225437 0.000000001006752
0.000002066119971 0.000000070491237 0.000000002213162
0.000002061859921 0.000000090472269 0.000000001398931
0.000002057617403 0.000000087841606 0.000000002808390
0.000002053392307 0.000000086346874 0.000000001470895
0.000002049184527 0.000000078644188 0.000000003386586
0.000002044993957 0.000000089518062 0.000000001344874
0.000002040820491 0.000000086370644 0.000000000747304
0.000002036664026 0.000000084682701 0.000000002070026
0.000002032524456 0.000000089706644 0.000000000811476
0.000002028401680 0.000000074846213 0.000000001595167
0.000002024295596 0.000000082382512 0.000000001585293
0.000002020206101 0.000000093518660 0.000000000923481
0.000002016133097 0.000000093661958 0.000000001763361
0.000002012076483 0.000000086627439 0.000000000842398
0.000002008036161 0.000000090268880 0.000000003921547
0.000002004012032 0.000000076125048 0.000000000497062
0.000002000004000 0.000000088207481 0.000000001447299
0.000001996011968 0.000000062653642 0.000000000384971
0.000001992035841 0.000000067556716 0.000000002270493
0.000001988075523 0.000000080778591 0.000000001059232
0.000001984130921 0.000000088175118 0.000000003092301
0.000001980201941 0.000000076988362 0.000000001432393
0.000001976288491 0.000000079770668 0.000000001773789
0.000001972390478 0.000000079583531 0.000000000431501
0.000001968507812 0.000000070271135 0.000000000546383
0.000001964640402 0.000000078311970 0.000000000195696
0.000001960788158 0.000000074270427 0.000000001574215
0.000001956950992 0.000000090694237 0.000000002314386
0.000001953128815 0.000000072207144 0.000000001507534
0.000001949321539 0.000000102819956 0.000000002526850
0.000001945529077 0.000000087345949 0.000000001491315
0.000001941751343 0.000000062936122 0.000000002279268
0.000001937988252 0.000000089451399 0.000000002688946
0.000001934239718 0.000000075212589 0.000000002259025
0.000001930505657 0.000000093463481 0.000000001511282
0.000001926785986 0.000000079581905 0.000000002996881
0.000001923080621 0.000000083775095 0.000000002665224
0.000001919389481 0.000000083232272 0.000000001509592
0.000001915712482 0.000000065502524 0.000000002412305
0.000001912049545 0.000000075064594 0.000000001423940
0.000001908400589 0.000000088682700 0.000000000469151
0.000001904765533 0.000000074689657 0.000000002289248
0.000001901144299 0.000000088636979 0.000000001161017
0.000001897536807 0.000000097319618 0.000000006047631
0.000001893942981 0.000000088857152 0.000000005319962
0.000001890362742 0.000000066254103 0.000000000578231
0.000001886796013 0.000000074188450 0.000000000905720
0.000001883242718 0.000000070738098 0.000000001703931
0.000001879702781 0.000000084130675 0.000000006576262
0.000001876176128 0.000000072902906 0.000000001243510
0.000001872662683 0.000000066256101 0.000000000623069
0.000001869162372 0.000000071452441 0.000000001951659
0.000001865675123 0.000000084974973 0.000000004447466
0.000001862200861 0.000000081494780 0.000000003547416
0.000001858739514 0.000000079705552 0.000000001278292
0.000001855291012 0.000000068820034 0.000000002542594
0.000001851855281 0.000000068265653 0.000000001911668
0.000001848432252 0.000000081542984 0.000000002717554
0.000001845021854 0.000000069959112 0.000000004168298
0.000001841624018 0.000000076143618 0.000000002395419
0.000001838238673 0.000000084689941 0.000000000424359
0.000001834865752 0.000000073861212 0.000000002149897
0.000001831505186 0.000000087948048 0.000000004945273
0.000001828156907 0.000000071257393 0.000000002555251
0.000001824820848 0.000000071845305 0.000000002503132
0.000001821496943 0.000000061158927 0.000000000523685
0.000001818185124 0.000000077968251 0.000000001086166
0.000001814885326 0.000000075240993 0.000000000728337
0.000001811597485 0.000000075745294 0.000000002205713
0.000001808321534 0.000000083139696 0.000000001058429
0.000001805057410 0.000000062600430 0.000000000824132
0.000001801805048 0.000000070199866 0.000000001532026
0.000001798564386 0.000000076597378 0.000000002736414
0.000001795335360 0.000000104439955 0.000000001312052
0.000001792117907 0.000000057516710 0.000000001989506
0.000001788911966 0.000000081998474 0.000000000513191
0.000001785717474 0.000000099839153 0.000000003776071
0.000001782534372 0.000000075093393 0.000000002864077
0.000001779362597 0.000000065319572 0.000000001548375
0.000001776202089 0.000000064418658 0.000000001326936
0.000001773052789 0.000000069641918 0.000000000683714
0.000001769914637 0.000000074158338 0.000000002330881
0.000001766787574 0.000000104099356 0.000000001023209
0.000001763671541 0.000000077623982 0.000000001382539
0.000001760566480 0.000000088191228 0.000000001149987
0.000001757472333 0.000000102598093 0.000000001188382
0.000001754389043 0.000000094717293 0.000000002402257
0.000001751316552 0.000000090123662 0.000000001287749
0.000001748254805 0.000000080132140 0.000000001272922
0.000001745203744 0.000000065833865 0.000000002798471
0.000001742163314 0.000000063538069 0.000000004077489
0.000001739133459 0.000000065322585 0.000000001177314
0.000001736114125 0.000000058252446 0.000000003020061
0.000001733105257 0.000000060178272 0.000000002673765
0.000001730106799 0.000000077731127 0.000000001589214
0.000001727118700 0.000000068125157 0.000000001855119
0.000001724140904 0.000000060572082 0.000000002464153
0.000001721173358 0.000000075387435 0.000000000978694
0.000001718216011 0.000000073774265 0.000000000982725
0.000001715268808 0.000000067120242 0.000000000872756
0.000001712331699 0.000000093925622 0.000000001580366
0.000001709404631 0.000000074605383 0.000000000801652
0.000001706487554 0.000000092846232 0.000000001493407
0.000001703580415 0.000000090334316 0.000000002005827
0.000001700683164 0.000000045907938 0.000000000539523
0.000001697795752 0.000000077331291 0.000000000626575
0.000001694918127 0.000000072602599 0.000000001352305
0.000001692050240 0.000000064135061 0.000000002240513
0.000001689192043 0.000000075477563 0.000000000659644
0.000001686343485 0.000000073194134 0.000000001725487
0.000001683504518 0.000000072095173 0.000000001652419
0.000001680675094 0.000000070887122 0.000000000707127
0.000001677855164 0.000000076509127 0.000000001510697
0.000001675044682 0.000000080849252 0.000000001307884
0.000001672243599 0.000000057408279 0.000000000790245
0.000001669451869 0.000000071206022 0.000000002387583
0.000001666669444 0.000000063901773 0.000000001518713
0.000001663896279 0.000000087215386 0.000000001925142
0.000001661132327 0.000000072681678 0.000000001241089
0.000001658377543 0.000000083275057 0.000000003198281
0.000001655631880 0.000000076336301 0.000000003184446
0.000001652895294 0.000000088239383 0.000000001896246
0.000001650167740 0.000000075562892 0.000000001880303
0.000001647449172 0.000000063146495 0.000000002824728
0.000001644739547 0.000000053957379 0.000000001725194
0.000001642038821 0.000000094364930 0.000000003799578
0.000001639346950 0.000000067467959 0.000000001980054
0.000001636663890 0.000000078683831 0.000000001558558
0.000001633989598 0.000000071989517 0.000000001087219
0.000001631324032 0.000000072246737 0.000000003684120
0.000001628667148 0.000000064705164 0.000000002076328
0.000001626018904 0.000000087600570 0.000000002294730
0.000001623379259 0.000000072358079 0.000000002521756
0.000001620748170 0.000000069642606 0.000000000788200
0.000001618125596 0.000000047820668 0.000000001961027
0.000001615511495 0.000000084352203 0.000000001487217
0.000001612905827 0.000000057760630 0.000000004163430
0.000001610308551 0.000000051115677 0.000000002807126
0.000001607719627 0.000000051370851 0.000000000640419
0.000001605139013 0.000000048578207 0.000000001198193
0.000001602566671 0.000000059781853 0.000000002927461
0.000001600002560 0.000000070290190 0.000000002169709
0.000001597446641 0.000000062353074 0.000000002437294
0.000001594898875 0.000000053929338 0.000000002292489
0.000001592359224 0.000000057218736 0.000000002475911
0.000001589827647 0.000000060073479 0.000000001009854
0.000001587304107 0.000000064626470 0.000000001661749
0.000001584788565 0.000000052171252 0.000000000607650
0.000001582280985 0.000000066071594 0.000000000366448
0.000001579781327 0.000000060208979 0.000000001328354
0.000001577289554 0.000000050608542 0.000000001028577
0.000001574805630 0.000000078133187 0.000000002394112
0.000001572329516 0.000000070148767 0.000000000832565
0.000001569861177 0.000000079516900 0.000000003399313
0.000001567400576 0.000000072841429 0.000000001397667
0.000001564947676 0.000000063023473 0.000000001591422
0.000001562502441 0.000000046943440 0.000000002728069
0.000001560064836 0.000000072490304 0.000000004162261
0.000001557634825 0.000000070374303 0.000000002016996
0.000001555212372 0.000000065134340 0.000000003858450
0.000001552797442 0.000000048716843 0.000000000798158
0.000001550390001 0.000000076506139 0.000000001200439
0.000001547990012 0.000000073163353 0.000000002273339
0.000001545597443 0.000000052028767 0.000000003362812
0.000001543212258 0.000000101535892 0.000000001745881
0.000001540834423 0.000000062106189 0.000000002493112
0.000001538463905 0.000000061785241 0.000000001878128
0.000001536100670 0.000000045774029 0.000000003905058
0.000001533744684 0.000000068647363 0.000000000733145
0.000001531395913 0.000000065714777 0.000000002908800
0.000001529054326 0.000000070647311 0.000000002406186
0.000001526719888 0.000000059122438 0.000000000892110
0.000001524392568 0.000000068269669 0.000000002147555
0.000001522072332 0.000000059711680 0.000000001068567
0.000001519759149 0.000000073993736 0.000000004873371
0.000001517452986 0.000000058239205 0.000000001446356
0.000001515153811 0.000000068128616 0.000000001280282
0.000001512861593 0.000000104426639 0.000000001470134
0.000001510576300 0.000000079925037 0.000000002807675
0.000001508297901 0.000000062029959 0.000000003561134
0.000001506026364 0.000000074223511 0.000000000890267
0.000001503761660 0.000000081158522 0.000000001866769
0.000001501503756 0.000000042668114 0.000000000696154
0.000001499252623 0.000000055964713 0.000000001771263
0.000001497008229 0.000000060631415 0.000000001843920
0.000001494770545 0.000000057422709 0.000000002544133
0.000001492539541 0.000000084980226 0.000000003540951
0.000001490315187 0.000000054935727 0.000000003488014
0.000001488097453 0.000000069833462 0.000000005114744
0.000001485886309 0.000000063846360 0.000000002325933
0.000001483681727 0.000000045631083 0.000000001728780
0.000001481483676 0.000000086042186 0.000000001190976
0.000001479292129 0.000000085150194 0.000000001480570
0.000001477107056 0.000000045151701 0.000000001615456
0.000001474928429 0.000000069410162 0.000000001491370
0.000001472756219 0.000000080534625 0.000000003341304
0.000001470590398 0.000000077339260 0.000000001713132
0.000001468430937 0.000000053532434 0.000000001800712
0.000001466277810 0.000000058015884 0.000000004837830
0.000001464130987 0.000000090049451 0.000000001518061
0.000001461990442 0.000000059420573 0.000000000971917
0.000001459856146 0.000000068145364 0.000000001721908
0.000001457728072 0.000000064446753 0.000000004030499
0.000001455606194 0.000000078013628 0.000000001406603
0.000001453490485 0.000000050378883 0.000000001505702
0.000001451380916 0.000000057423678 0.000000001310769
0.000001449277463 0.000000090111616 0.000000003580532
0.000001447180097 0.000000045957641 0.000000001252713
0.000001445088793 0.000000058936838 0.000000001173116
0.000001443003525 0.000000054927642 0.000000003220502
0.000001440924266 0.000000055867963 0.000000002333145
0.000001438850991 0.000000072080779 0.000000003026818
0.000001436783674 0.000000053526916 0.000000001974430
0.000001434722288 0.000000053783394 0.000000000486417
0.000001432666809 0.000000079733412 0.000000001129384
0.000001430617211 0.000000057159482 0.000000000735227
0.000001428573469 0.000000059306392 0.000000004394868
0.000001426535559 0.000000070231259 0.000000002769315
0.000001424503454 0.000000071619598 0.000000002817518
0.000001422477130 0.000000061594517 0.000000001822621
0.000001420456563 0.000000088843178 0.000000002458848
0.000001418441728 0.000000086721928 0.000000001018831
0.000001416432601 0.000000070379079 0.000000002524115
0.000001414429158 0.000000064215991 0.000000000775624
0.000001412431373 0.000000061073417 0.000000002772916
0.000001410439225 0.000000047788309 0.000000003959269
0.000001408452688 0.000000040286754 0.000000002680841
0.000001406471739 0.000000078266118 0.000000002817206
0.000001404496355 0.000000122159499 0.000000001594381
0.000001402526511 0.000000060895344 0.000000001590228
0.000001400562186 0.000000063468125 0.000000002511996
0.000001398603355 0.000000058499317 0.000000001399550
0.000001396649995 0.000000040546848 0.000000001775678
0.000001394702085 0.000000058879645 0.000000003626929
0.000001392759600 0.000000046092025 0.000000001343418
0.000001390822519 0.000000049595591 0.000000001685104
0.000001388890818 0.000000052262808 0.000000001640263
0.000001386964476 0.000000064715383 0.000000001349144
0.000001385043470 0.000000073487943 0.000000001688818
0.000001383127777 0.000000063432534 0.000000001724459
0.000001381217377 0.000000054819042 0.000000003155864
0.000001379312247 0.000000049078918 0.000000001209474
0.000001377412366 0.000000053816140 0.000000004768358
0.000001375517710 0.000000038078900 0.000000002159166
0.000001373628260 0.000000101377992 0.000000002774701
0.000001371743994 0.000000074797452 0.000000002766845
0.000001369864890 0.000000075783470 0.000000005500912
0.000001367990927 0.000000067759065 0.000000001643988
0.000001366122085 0.000000040295365 0.000000000866783
0.000001364258341 0.000000041843519 0.000000003588403
0.000001362399676 0.000000066225392 0.000000003228633
0.000001360546069 0.000000044634216 0.000000002366517
0.000001358697498 0.000000057115007 0.000000004096104
0.000001356853944 0.000000058991457 0.000000000514886
0.000001355015386 0.000000090716381 0.000000007229967
0.000001353181804 0.000000042735506 0.000000004693342
0.000001351353178 0.000000047556294 0.000000001595315
0.000001349529487 0.000000068416501 0.000000002456727
0.000001347710711 0.000000064843250 0.000000001317974
0.000001345896832 0.000000059541575 0.000000003856008
0.000001344087828 0.000000060620810 0.000000003532653
0.000001342283681 0.000000069525991 0.000000005655258
0.000001340484371 0.000000045741347 0.000000003461293
0.000001338689878 0.000000065662470 0.000000002701674
0.000001336900183 0.000000066509819 0.000000003420908
0.000001335115267 0.000000038654659 0.000000005487046
0.000001333335111 0.000000094977055 0.000000006986822
0.000001331559696 0.000000039141843 0.000000003379357
0.000001329789002 0.000000051596736 0.000000007317125
0.000001328023012 0.000000031628900 0.000000002796416
0.000001326261706 0.000000093945475 0.000000000882559
0.000001324505066 0.000000054022006 0.000000002978292
0.000001322753072 0.000000059367975 0.000000001266653
0.000001321005708 0.000000076707133 0.000000003621158
0.000001319262954 0.000000056453541 0.000000002416414
0.000001317524793 0.000000062128821 0.000000001810129
0.000001315791205 0.000000053915695 0.000000003729480
0.000001314062174 0.000000054728865 0.000000001458096
0.000001312337680 0.000000063718164 0.000000008941665
0.000001310617707 0.000000047251120 0.000000001741677
0.000001308902237 0.000000040260292 0.000000001911232
0.000001307191251 0.000000050049822 0.000000010126159
0.000001305484733 0.000000083678536 0.000000002096764
0.000001303782665 0.000000064208406 0.000000001685847
0.000001302085029 0.000000064676409 0.000000002700541
0.000001300391808 0.000000037561515 0.000000001190701
0.000001298702985 0.000000069675472 0.000000005776463
0.000001297018543 0.000000041557820 0.000000001611365
0.000001295338465 0.000000069677234 0.000000001741965
0.000001293662734 0.000000089971612 0.000000005734560
0.000001291991333 0.000000040023631 0.000000001883673
0.000001290324246 0.000000042811854 0.000000002834013
0.000001288661454 0.000000077057421 0.000000006856598
0.000001287002943 0.000000044005909 0.000000001871176
0.000001285348696 0.000000063764214 0.000000002056963
0.000001283698695 0.000000048566359 0.000000006539854
0.000001282052926 0.000000055728299 0.000000004244211
0.000001280411371 0.000000080283509 0.000000001165023
0.000001278774014 0.000000051413730 0.000000004342638
0.000001277140839 0.000000053305302 0.000000001865606
0.000001275511831 0.000000049792876 0.000000001607894
0.000001273886973 0.000000095516945 0.000000002157930
0.000001272266250 0.000000104873540 0.000000004549973
0.000001270649645 0.000000051435547 0.000000001832540
0.000001269037143 0.000000058725678 0.000000002134170
0.000001267428729 0.000000040197412 0.000000002384277
0.000001265824387 0.000000093395968 0.000000002882590
0.000001264224101 0.000000038302545 0.000000001440128
0.000001262627857 0.000000064221324 0.000000002859850
0.000001261035638 0.000000030635304 0.000000002131001
0.000001259447430 0.000000038656937 0.000000000602854
0.000001257863217 0.000000084812208 0.000000001181194
0.000001256282985 0.000000048933473 0.000000012763090
0.000001254706719 0.000000049527474 0.000000002012972
0.000001253134402 0.000000060320909 0.000000005178472
0.000001251566022 0.000000059220426 0.000000001444084
0.000001250001563 0.000000037574696 0.000000001537864
0.000001248441009 0.000000049473879 0.000000001391625
0.000001246884348 0.000000049553451 0.000000001515104
0.000001245331563 0.000000071938326 0.000000001030660
0.000001243782642 0.000000061101960 0.000000005566861
0.000001242237568 0.000000054577794 0.000000001829689
0.000001240696328 0.000000077821848 0.000000000772116
0.000001239158908 0.000000044722662 0.000000004399753
0.000001237625294 0.000000077752787 0.000000006862607
0.000001236095471 0.000000039285167 0.000000002492398
0.000001234569425 0.000000051413724 0.000000004472138
0.000001233047143 0.000000047799614 0.000000001951457
0.000001231528610 0.000000041639690 0.000000002472190
0.000001230013813 0.000000065132563 0.000000001915792
0.000001228502738 0.000000045902651 0.000000001375568
0.000001226995371 0.000000080624558 0.000000002008242
0.000001225491698 0.000000061885289 0.000000001272987
0.000001223991706 0.000000113563354 0.000000003490505
0.000001222495382 0.000000031382442 0.000000005100991
0.000001221002712 0.000000045418462 0.000000002626465
0.000001219513682 0.000000037898017 0.000000002612016
0.000001218028280 0.000000079266574 0.000000005077295
0.000001216546492 0.000000095862862 0.000000005331348
0.000001215068305 0.000000090298703 0.000000004466959
0.000001213593706 0.000000060482484 0.000000001739754
0.000001212122681 0.000000064531940 0.000000002147369
0.000001210655219 0.000000068811900 0.000000002054841
0.000001209191305 0.000000099146465 0.000000002507089
0.000001207730927 0.000000038163231 0.000000002849149
0.000001206274073 0.000000126838435 0.000000004301097
0.000001204820729 0.000000046101240 0.000000000838378
0.000001203370883 0.000000070260434 0.000000005215092
0.000001201924522 0.000000061831502 0.000000001340342
0.000001200481633 0.000000099918244 0.000000005023075
0.000001199042205 0.000000037731194 0.000000001559029
0.000001197606225 0.000000045205581 0.000000001713675
0.000001196173680 0.000000047439846 0.000000003212954
0.000001194744558 0.000000028297963 0.000000001111828
0.000001193318846 0.000000039401308 0.000000001266854
0.000001191896534 0.000000060625261 0.000000007295145
0.000001190477608 0.000000036627937 0.000000004600110
0.000001189062056 0.000000060498598 0.000000001025292
0.000001187649867 0.000000033416686 0.000000003396545
0.000001186241028 0.000000046691971 0.000000001454563
0.000001184835527 0.000000058605166 0.000000001461003
0.000001183433353 0.000000042355445 0.000000003862679
0.000001182034494 0.000000095781878 0.000000002822930
0.000001180638938 0.000000084441649 0.000000001991302
0.000001179246674 0.000000037600631 0.000000001062889
0.000001177857689 0.000000075231033 0.000000000834677
0.000001176471972 0.000000045696597 0.000000003022865
0.000001175089512 0.000000045936163 0.000000003766882
0.000001173710298 0.000000047265436 0.000000003131023
0.000001172334317 0.000000057311825 0.000000006958146
0.000001170961559 0.000000053783219 0.000000003813901
0.000001169592011 0.000000098978692 0.000000003724634
0.000001168225664 0.000000061497247 0.000000008667804
0.000001166862505 0.000000076327780 0.000000001203400
0.000001165502524 0.000000065429576 0.000000001627454
0.000001164145709 0.000000067015046 0.000000002067551
0.000001162792050 0.000000072548313 0.000000008110674
0.000001161441535 0.000000071553508 0.000000001141807
0.000001160094153 0.000000075501997 0.000000003880798
0.000001158749894 0.000000077415250 0.000000005079173
0.000001157408747 0.000000079513161 0.000000003305736
0.000001156070701 0.000000078782539 0.000000004251953
0.000001154735744 0.000000072022174 0.000000003141077
0.000001153403868 0.000000066159912 0.000000003813988
0.000001152075060 0.000000066327817 0.000000003690796
0.000001150749310 0.000000062958419 0.000000001008848
0.000001149426609 0.000000063081709 0.000000004746182
0.000001148106944 0.000000087616372 0.000000003569377
0.000001146790306 0.000000055444243 0.000000002918357
0.000001145476684 0.000000056174245 0.000000003329341
0.000001144166069 0.000000056370324 0.000000004576016
0.000001142858449 0.000000050336697 0.000000000494232
0.000001141553815 0.000000059242602 0.000000002008703
0.000001140252155 0.000000062047024 0.000000001620201
0.000001138953461 0.000000044739345 0.000000003841217
0.000001137657722 0.000000039335506 0.000000002413760
0.000001136364928 0.000000038083708 0.000000000981166
0.000001135075068 0.000000035559384 0.000000001947105
0.000001133788134 0.000000035718081 0.000000004995420
0.000001132504114 0.000000092328675 0.000000003099960
0.000001131222999 0.000000043908003 0.000000001317622
0.000001129944780 0.000000063041056 0.000000001180804
0.000001128669445 0.000000040757851 0.000000004081884
0.000001127396987 0.000000078406759 0.000000002829372
0.000001126127394 0.000000059128844 0.000000006917213
0.000001124860658 0.000000030142056 0.000000000951261
0.000001123596768 0.000000041783281 0.000000001442400
0.000001122335715 0.000000059497228 0.000000002570806
0.000001121077490 0.000000028764065 0.000000003056287
0.000001119822083 0.000000029646048 0.000000011259080
0.000001118569484 0.000000032443208 0.000000000862636
0.000001117319684 0.000000089955955 0.000000004360933
0.000001116072674 0.000000028465331 0.000000001894475
0.000001114828445 0.000000043604057 0.000000002338537
0.000001113586986 0.000000060672570 0.000000004231889
0.000001112348290 0.000000079740137 0.000000001297983
0.000001111112346 0.000000074833644 0.000000002479703
0.000001109879145 0.000000055333357 0.000000001995043
0.000001108648679 0.000000039010421 0.000000001710046
0.000001107420938 0.000000042753999 0.000000004078107
0.000001106195914 0.000000047740728 0.000000002430430
0.000001104973597 0.000000042455686 0.000000004851211
0.000001103753978 0.000000075387933 0.000000005459751
0.000001102537048 0.000000053622123 0.000000001521022
0.000001101322799 0.000000046001028 0.000000001852480
0.000001100111221 0.000000051967148 0.000000004472817
0.000001098902306 0.000000047040184 0.000000007665292
0.000001097696046 0.000000045455405 0.000000001654814
0.000001096492430 0.000000045316257 0.000000005124806
0.000001095291452 0.000000072923238 0.000000002141156
0.000001094093101 0.000000055824972 0.000000004056403
0.000001092897369 0.000000071245050 0.000000002053948
0.000001091704249 0.000000065148176 0.000000005630865
0.000001090513730 0.000000049904916 0.000000002354862
0.000001089325805 0.000000050556073 0.000000004417101
0.000001088140466 0.000000032573337 0.000000004080211
0.000001086957703 0.000000067172569 0.000000003818889
0.000001085777509 0.000000051762800 0.000000001972783
0.000001084599875 0.000000067316706 0.000000005472898
0.000001083424792 0.000000042373368 0.000000004390732
0.000001082252254 0.000000091405695 0.000000004477203
0.000001081082250 0.000000055960272 0.000000003561442
0.000001079914773 0.000000050388556 0.000000001364014
0.000001078749815 0.000000054840373 0.000000001865823
0.000001077587368 0.000000056968459 0.000000000883266
0.000001076427423 0.000000050851596 0.000000004469320
0.000001075269973 0.000000054993648 0.000000002353230
0.000001074115010 0.000000056668807 0.000000003762028
0.000001072962525 0.000000055683685 0.000000003160214
0.000001071812510 0.000000052654156 0.000000005770853
0.000001070664958 0.000000053120654 0.000000001198675
0.000001069519860 0.000000046341965 0.000000001398794
0.000001068377210 0.000000045990879 0.000000004081182
0.000001067236998 0.000000073973450 0.000000001151539
0.000001066099218 0.000000070794930 0.000000001911035
0.000001064963860 0.000000066222883 0.000000003763792
0.000001063830919 0.000000082555953 0.000000001750941
0.000001062700385 0.000000040658971 0.000000001196824
0.000001061572252 0.000000058024472 0.000000002543902
0.000001060446512 0.000000049884805 0.000000002638552
0.000001059323156 0.000000046982458 0.000000001778006
0.000001058202178 0.000000034655128 0.000000002495728
0.000001057083570 0.000000053767880 0.000000001880961
0.000001055967324 0.000000041313752 0.000000003331741
0.000001054853433 0.000000119417138 0.000000003217503
0.000001053741890 0.000000124135059 0.000000001753731
0.000001052632687 0.000000112700938 0.000000002021600
0.000001051525817 0.000000033326641 0.000000004037888
0.000001050421271 0.000000046891642 0.000000001046473
0.000001049319044 0.000000078429758 0.000000002792459
0.000001048219128 0.000000123842183 0.000000002235609
0.000001047121515 0.000000097042652 0.000000003052900
0.000001046026199 0.000000040727161 0.000000003030830
0.000001044933171 0.000000032691249 0.000000002920848
0.000001043842426 0.000000060831270 0.000000002952021
0.000001042753955 0.000000033840840 0.000000001676231
0.000001041667752 0.000000031635194 0.000000002571989
0.000001040583809 0.000000108223554 0.000000002286781
0.000001039502120 0.000000046314915 0.000000002750054
0.000001038422677 0.000000102397782 0.000000001090987
0.000001037345474 0.000000093038436 0.000000004881009
0.000001036270504 0.000000033257737 0.000000001509405
0.000001035197759 0.000000050817780 0.000000003836649
0.000001034127233 0.000000066885926 0.000000003722832
0.000001033058918 0.000000054335493 0.000000002763287
0.000001031992809 0.000000042660926 0.000000003917761
0.000001030928898 0.000000067278406 0.000000001640014
0.000001029867178 0.000000041671081 0.000000001802145
0.000001028807643 0.000000040720291 0.000000001273680
0.000001027750285 0.000000045390929 0.000000003397091
0.000001026695099 0.000000050264111 0.000000001466320
0.000001025642078 0.000000053470375 0.000000000958521
0.000001024591214 0.000000053193339 0.000000002303178
0.000001023542501 0.000000075845315 0.000000001293507
0.000001022495933 0.000000048403165 0.000000001821316
0.000001021451503 0.000000109058927 0.000000002369184
0.000001020409204 0.000000068276250 0.000000004088542
0.000001019369031 0.000000065595807 0.000000002461441
0.000001018330976 0.000000044096051 0.000000001976802
0.000001017295033 0.000000042494806 0.000000001447695
0.000001016261195 0.000000033604715 0.000000003143973
0.000001015229457 0.000000050956908 0.000000002306624
0.000001014199812 0.000000031831958 0.000000002695485
0.000001013172252 0.000000052946579 0.000000001702920
0.000001012146773 0.000000069108518 0.000000004426502
0.000001011123368 0.000000034067313 0.000000002508930
0.000001010102030 0.000000068402767 0.000000003552896
0.000001009082754 0.000000080407148 0.000000002039238
0.000001008065532 0.000000065284374 0.000000001472988
0.000001007050360 0.000000068204216 0.000000002977264
0.000001006037229 0.000000081130229 0.000000001667160
0.000001005026136 0.000000076050808 0.000000001488356
0.000001004017072 0.000000037498130 0.000000002692989
0.000001003010033 0.000000034943630 0.000000002911442
0.000001002005012 0.000000065924282 0.000000001903216
0.000001001002003 0.000000065879370 0.000000003456311
0.000001000001000 0.000000030434823 0.000000003256661
