0.1 0.0499583 0.00166583 0.000249584 0.00332168 0.00117792
0.0909091 0.0454232 0.00137684 0.00018757 0.00274686 0.000973574
0.0826446 0.0412988 0.00113797 0.000140958 0.00227127 0.000804664
0.0751315 0.0375481 0.000940524 0.000105925 0.00187786 0.000665051
0.0683013 0.0341374 0.000777331 7.95958e-05 0.00155249 0.000549656
0.0620921 0.0310361 0.000642448 5.98096e-05 0.00128341 0.00045428
0.0564474 0.0282162 0.000530967 4.49408e-05 0.00106092 0.00037545
0.0513158 0.0256523 0.000438828 3.37678e-05 0.000876962 0.000310298
0.0466507 0.0233211 0.000362676 2.53722e-05 0.000724878 0.00025645
0.0424098 0.0212017 0.000299738 1.90637e-05 0.000599152 0.000211947
0.0385543 0.0192748 0.000247721 1.43236e-05 0.000495221 0.000175165
0.0350494 0.0175229 0.000204731 1.0762e-05 0.000409311 0.000144766
0.0318631 0.0159302 0.000169201 8.08593e-06 0.000338298 0.000119643
0.0289664 0.0144822 0.000139837 6.07526e-06 0.000279603 9.88794e-05
0.0263331 0.0131658 0.000115568 4.56454e-06 0.000231088 8.17191e-05
0.0239392 0.011969 9.55115e-05 3.42948e-06 0.00019099 6.75368e-05
0.0217629 0.010881 7.89355e-05 2.57666e-06 0.000157849 5.58158e-05
0.0197845 0.00989191 6.52362e-05 1.93591e-06 0.000130457 4.6129e-05
0.0179859 0.0089927 5.39144e-05 1.45449e-06 0.000107818 3.81233e-05
0.0163508 0.00817522 4.45575e-05 1.09279e-06 8.91079e-05 3.15069e-05
0.0148644 0.00743204 3.68245e-05 8.21037e-07 7.36441e-05 2.60388e-05
0.0135131 0.00675643 3.04335e-05 6.16861e-07 6.08637e-05 2.15197e-05
0.0122846 0.00614222 2.51517e-05 4.6346e-07 5.03011e-05 1.77849e-05
0.0111678 0.00558385 2.07866e-05 3.48206e-07 4.15716e-05 1.46983e-05
0.0101526 0.00507624 1.7179e-05 2.61613e-07 3.43569e-05 1.21474e-05
0.0092296 0.00461477 1.41975e-05 1.96554e-07 2.83943e-05 1.00392e-05
0.00839055 0.00419525 1.17335e-05 1.47674e-07 2.34665e-05 8.29684e-06
0.00762777 0.00381387 9.69711e-06 1.1095e-07 1.93939e-05 6.85689e-06
0.00693433 0.00346715 8.01415e-06 8.33587e-08 1.60281e-05 5.66686e-06
0.00630394 0.00315196 6.62327e-06 6.26287e-08 1.32464e-05 4.68336e-06
0.00573086 0.00286542 5.47377e-06 4.70539e-08 1.09474e-05 3.87054e-06
0.00520987 0.00260493 4.52378e-06 3.53524e-08 9.04749e-06 3.1988e-06
0.00473624 0.00236812 3.73866e-06 2.65608e-08 7.47728e-06 2.64363e-06
0.00430568 0.00215283 3.08981e-06 1.99555e-08 6.17958e-06 2.18482e-06
0.00391425 0.00195712 2.55356e-06 1.49929e-08 5.10709e-06 1.80564e-06
0.00355841 0.0017792 2.11038e-06 1.12644e-08 4.22074e-06 1.49226e-06
0.00323492 0.00161746 1.74412e-06 8.4631e-09 3.48822e-06 1.23328e-06
0.00294083 0.00147042 1.44142e-06 6.35845e-09 2.88283e-06 1.01924e-06
0.00267349 0.00133674 1.19125e-06 4.7772e-09 2.3825e-06 8.42344e-07
0.00243044 0.00121522 9.84508e-07 3.58918e-09 1.96901e-06 6.96152e-07
0.00220949 0.00110475 8.13643e-07 2.69661e-09 1.62728e-06 5.75332e-07
0.00200863 0.00100431 6.72432e-07 2.026e-09 1.34486e-06 4.75481e-07
0.00182603 0.000913013 5.55729e-07 1.52216e-09 1.11146e-06 3.9296e-07
0.00166002 0.000830012 4.5928e-07 1.14362e-09 9.1856e-07 3.2476e-07
0.00150911 0.000754557 3.7957e-07 8.59222e-10 7.5914e-07 2.68397e-07
0.00137192 0.00068596 3.13695e-07 6.45546e-10 6.27389e-07 2.21816e-07
0.0012472 0.0006236 2.59252e-07 4.85009e-10 5.18503e-07 1.83319e-07
0.00113382 0.00056691 2.14258e-07 3.64394e-10 4.28515e-07 1.51503e-07
0.00103074 0.000515372 1.77072e-07 2.73775e-10 3.54145e-07 1.25209e-07
0.000937041 0.00046852 1.46341e-07 2.05691e-10 2.92682e-07 1.03479e-07
0.000851855 0.000425928 1.20943e-07 1.54539e-10 2.41886e-07 8.55195e-08
0.000774414 0.000387207 9.99528e-08 1.16107e-10 1.99906e-07 7.06773e-08
0.000704013 0.000352006 8.26056e-08 8.7233e-11 1.65211e-07 5.8411e-08
0.000640011 0.000320006 6.82691e-08 6.55395e-11 1.36538e-07 4.82735e-08
0.000581829 0.000290914 5.64207e-08 4.92408e-11 1.12841e-07 3.98955e-08
0.000528935 0.000264468 4.66287e-08 3.69954e-11 9.32574e-08 3.29715e-08
0.00048085 0.000240425 3.85361e-08 2.77952e-11 7.70722e-08 2.72492e-08
0.000437136 0.000218568 3.1848e-08 2.08829e-11 6.36961e-08 2.252e-08
0.000397397 0.000198698 2.63207e-08 1.56898e-11 5.26414e-08 1.86115e-08
0.00036127 0.000180635 2.17526e-08 1.1788e-11 4.35053e-08 1.53814e-08
0.000328427 0.000164214 1.79774e-08 8.85629e-12 3.59548e-08 1.27119e-08
0.00029857 0.000149285 1.48573e-08 6.65393e-12 2.97147e-08 1.05057e-08
0.000271427 0.000135714 1.22788e-08 4.99925e-12 2.45576e-08 8.68242e-09
0.000246752 0.000123376 1.01478e-08 3.75579e-12 2.02955e-08 7.17555e-09
0.00022432 0.00011216 8.38658e-09 2.82203e-12 1.67732e-08 5.93021e-09
0.000203927 0.000101964 6.93106e-09 2.1204e-12 1.38621e-08 4.901e-09
0.000185388 9.26942e-05 5.72815e-09 1.59322e-12 1.14563e-08 4.05041e-09
0.000168535 8.42675e-05 4.73401e-09 1.19704e-12 9.46801e-09 3.34745e-09
0.000153214 7.66068e-05 3.9124e-09 8.99058e-13 7.82481e-09 2.76649e-09
0.000139285 6.96426e-05 3.23339e-09 6.75266e-13 6.46678e-09 2.28635e-09
0.000126623 6.33114e-05 2.67222e-09 5.07325e-13 5.34445e-09 1.88955e-09
0.000115112 5.75558e-05 2.20845e-09 3.80986e-13 4.4169e-09 1.56161e-09
0.000104647 5.23235e-05 1.82517e-09 2.86211e-13 3.65033e-09 1.29059e-09
9.51336e-05 4.75668e-05 1.5084e-09 2.15396e-13 3.0168e-09 1.0666e-09
8.64851e-05 4.32426e-05 1.24661e-09 1.62345e-13 2.49322e-09 8.81488e-10
7.86228e-05 3.93114e-05 1.03026e-09 1.20662e-13 2.06051e-09 7.28502e-10
7.14753e-05 3.57376e-05 8.51452e-10 9.06342e-14 1.70291e-09 6.02068e-10
6.49775e-05 3.24888e-05 7.03681e-10 6.92461e-14 1.40736e-09 4.97577e-10
5.90705e-05 2.95352e-05 5.81553e-10 5.231e-14 1.16311e-09 4.11221e-10
5.37004e-05 2.68502e-05 4.80624e-10 3.93701e-14 9.61244e-10 3.39851e-10
4.88186e-05 2.44093e-05 3.9721e-10 2.88714e-14 7.94418e-10 2.80869e-10
4.43805e-05 2.21903e-05 3.28272e-10 2.1376e-14 6.56544e-10 2.32123e-10
4.03459e-05 2.0173e-05 2.71299e-10 1.67954e-14 5.42598e-10 1.91838e-10
3.66781e-05 1.83391e-05 2.24213e-10 1.1085e-14 4.48431e-10 1.58544e-10
3.33438e-05 1.66719e-05 1.85301e-10 8.94187e-15 3.70602e-10 1.31028e-10
3.03125e-05 1.51563e-05 1.53141e-10 7.1535e-15 3.06283e-10 1.08286e-10
2.75568e-05 1.37784e-05 1.26565e-10 6.88524e-15 2.53122e-10 8.94934e-11
2.50517e-05 1.25258e-05 1.04597e-10 6.4918e-15 2.09196e-10 7.39605e-11
2.27742e-05 1.13871e-05 8.64442e-11 3.57049e-15 1.72889e-10 6.11255e-11
2.07038e-05 1.03519e-05 7.1441e-11 1.30918e-15 1.42884e-10 5.05155e-11
1.88217e-05 9.41084e-06 5.90452e-11 0 1.1808e-10 4.17494e-11
1.71106e-05 8.55531e-06 4.87981e-11 3.16821e-15 9.75853e-11 3.45019e-11
1.55551e-05 7.77755e-06 4.03244e-11 1.74252e-15 8.06597e-11 2.85153e-11
1.4141e-05 7.0705e-06 3.33269e-11 0 6.66571e-11 2.35653e-11
1.28555e-05 6.42773e-06 2.75473e-11 2.10845e-15 5.50799e-11 1.94755e-11
1.16868e-05 5.84339e-06 2.27661e-11 0 4.55196e-11 1.60946e-11
1.06243e-05 5.31217e-06 1.88136e-11 0 3.76248e-11 1.33047e-11
9.6585e-06 4.82925e-06 1.55506e-11 5.61269e-15 3.10871e-11 1.09915e-11
8.78045e-06 4.39023e-06 1.28534e-11 0 2.56886e-11 9.0852e-12
7.98223e-06 3.99111e-06 1.06258e-11 6.79135e-15 2.12254e-11 7.50713e-12
7.25657e-06 3.62829e-06 8.77188e-12 3.73524e-15 1.75645e-11 6.20829e-12
6.59688e-06 3.29844e-06 7.24573e-12 8.21753e-15 1.45219e-11 5.13067e-12
5.99717e-06 2.99858e-06 5.98692e-12 4.51964e-15 1.20051e-11 4.23989e-12
5.45197e-06 2.72598e-06 4.95924e-12 0 9.89281e-12 3.50002e-12
4.95634e-06 2.47817e-06 4.0915e-12 5.46877e-15 8.19113e-12 2.892e-12
4.50576e-06 2.25288e-06 3.37656e-12 0 6.78641e-12 2.39434e-12
4.09615e-06 2.04807e-06 2.79172e-12 1.32344e-14 5.59748e-12 1.97505e-12
3.72377e-06 1.86188e-06 2.31963e-12 1.45579e-14 4.59904e-12 1.62963e-12
3.38524e-06 1.69262e-06 1.91271e-12 0 3.81723e-12 1.34939e-12
3.07749e-06 1.53875e-06 1.57162e-12 0 3.16387e-12 1.11159e-12
2.79772e-06 1.39886e-06 1.29414e-12 9.68826e-15 2.63886e-12 9.29272e-13
2.54338e-06 1.27169e-06 1.09486e-12 2.13142e-14 2.11823e-12 7.62634e-13
2.31217e-06 1.15608e-06 8.77906e-13 2.34456e-14 1.8186e-12 6.42209e-13
2.10197e-06 1.05099e-06 7.5609e-13 1.28951e-14 1.42726e-12 5.07397e-13
1.91088e-06 9.55441e-07 5.87024e-13 0 1.26708e-12 4.32606e-13
1.73717e-06 8.68583e-07 5.15446e-13 1.5603e-14 9.93426e-13 3.60264e-13
1.57924e-06 7.89621e-07 4.40639e-13 1.71633e-14 7.72037e-13 2.93171e-13
1.43567e-06 7.17837e-07 3.61633e-13 0 6.68947e-13 2.51979e-13
1.30516e-06 6.52579e-07 2.64253e-13 4.15353e-14 5.87466e-13 1.80237e-13
1.18651e-06 5.93254e-07 2.48208e-13 2.28444e-14 4.55692e-13 1.74006e-13
1.07864e-06 5.39322e-07 2.16624e-13 2.51288e-14 3.65111e-13 1.55731e-13
9.80585e-07 4.90292e-07 1.52816e-13 0 3.27957e-13 1.13012e-13
8.91441e-07 4.4572e-07 1.47116e-13 3.04059e-14 2.50217e-13 1.01955e-13
8.10401e-07 4.052e-07 1.24129e-13 3.34465e-14 2.04245e-13 8.06709e-14
7.36728e-07 3.68364e-07 2.4861e-14 7.35823e-14 3.20105e-13 9.73941e-14
6.69753e-07 3.34876e-07 6.80269e-14 8.09405e-14 1.56257e-13 2.74909e-14
6.08866e-07 3.04433e-07 8.74279e-14 8.90346e-14 9.7931e-14 4.7726e-14
5.53514e-07 2.76757e-07 1.23299e-14 4.8969e-14 2.63457e-13 5.21778e-14
5.03195e-07 2.51598e-07 1.6044e-15 5.38659e-14 1.28207e-13 2.12757e-14
4.5745e-07 2.28725e-07 3.0475e-14 5.92525e-14 2.5361e-13 4.87499e-14
4.15864e-07 2.07932e-07 1.2827e-14 1.30355e-13 9.92982e-14 7.27315e-15
3.78058e-07 1.89029e-07 8.24167e-15 1.43391e-13 6.32222e-14 2.03087e-14
3.43689e-07 1.71844e-07 1.76177e-13 0 2.74846e-13 4.89869e-14
3.12444e-07 1.56222e-07 1.11154e-13 0 3.33468e-13 1.66783e-15
2.8404e-07 1.4202e-07 9.87621e-15 9.54267e-14 5.02158e-14 1.56824e-14
2.58219e-07 1.29109e-07 1.40473e-13 1.04969e-13 3.17073e-13 8.24812e-14
2.34744e-07 1.17372e-07 1.5537e-13 1.15466e-13 4.13855e-13 1.94996e-14
2.13404e-07 1.06702e-07 7.39684e-14 1.27013e-13 5.11979e-14 3.5937e-15
1.94003e-07 9.70017e-08 2.75872e-13 1.39714e-13 5.36482e-13 1.10718e-13
1.76367e-07 8.81833e-08 2.84074e-13 1.53686e-13 6.06998e-13 4.29677e-14
1.60333e-07 8.01666e-08 2.23499e-13 3.38109e-13 5.74461e-13 2.75991e-14
1.45758e-07 7.28787e-08 3.16731e-13 1.8596e-13 6.78028e-13 1.06936e-14
1.32507e-07 6.62535e-08 9.29645e-14 2.04556e-13 8.41856e-14 2.92896e-14
1.20461e-07 6.02306e-08 7.11878e-14 2.25011e-13 7.84433e-14 5.25327e-14
1.0951e-07 5.47552e-08 4.68419e-13 4.95025e-13 9.57448e-13 7.50338e-14
9.95544e-08 4.97774e-08 7.20527e-14 2.72264e-13 6.70971e-14 1.49288e-13
9.0504e-08 4.52517e-08 3.98482e-13 5.9898e-13 9.93367e-13 1.40707e-14
8.22764e-08 4.11384e-08 3.20531e-13 3.29439e-13 3.23915e-13 1.65623e-13
7.47967e-08 3.73986e-08 3.38151e-13 7.24766e-13 3.35354e-13 3.94423e-13
6.7997e-08 3.39984e-08 7.72849e-13 3.98621e-13 1.56778e-12 1.04517e-13
6.18155e-08 3.09078e-08 6.62321e-13 0 1.5412e-12 6.46543e-14
5.61959e-08 2.80977e-08 5.65322e-13 4.82332e-13 1.52841e-12 5.05374e-13
5.10872e-08 2.55435e-08 3.99433e-13 0 4.00738e-13 6.0184e-13
4.64429e-08 2.32211e-08 6.61621e-13 5.83621e-13 1.82779e-12 1.8219e-14
4.22208e-08 2.1111e-08 2.72235e-13 1.28397e-12 2.73127e-13 4.01431e-14
3.83825e-08 1.91912e-08 7.85874e-13 0 2.19897e-12 1.00312e-12
3.48932e-08 1.74469e-08 7.85916e-13 7.768e-13 2.34012e-12 1.00312e-12
3.17211e-08 1.58609e-08 1.69981e-12 8.5448e-13 3.40826e-12 2.26318e-13
2.88374e-08 1.44185e-08 1.71814e-12 0 3.59841e-12 5.6811e-13
2.62158e-08 1.3108e-08 1.61691e-13 0 1.61348e-13 2.77825e-13
2.38325e-08 1.19168e-08 1.4926e-12 1.13731e-12 3.76751e-12 4.45919e-13
2.16659e-08 1.0834e-08 1.49262e-12 2.50209e-12 3.99494e-12 2.18457e-13
1.96963e-08 9.84772e-09 2.51071e-12 1.37615e-12 5.26281e-12 9.07483e-13
1.79057e-08 8.9524e-09 8.5932e-13 1.51376e-12 8.59159e-13 1.93436e-13
1.62779e-08 8.1392e-09 1.46482e-12 0 1.46468e-12 3.44812e-13
1.47981e-08 7.39988e-09 3.46298e-12 1.83165e-12 7.12617e-12 8.44354e-13
1.34528e-08 6.72547e-09 2.39832e-12 2.01482e-12 6.42805e-12 4.37803e-13
1.22299e-08 6.11699e-09 1.94553e-14 4.4326e-12 1.93804e-14 1.66642e-13
1.11181e-08 5.55848e-09 1.9451e-14 0 1.93893e-14 2.27129e-12
1.01073e-08 5.05237e-09 2.90607e-12 2.68172e-12 8.26957e-12 8.98022e-13
9.18848e-09 4.59594e-09 2.45738e-12 2.9499e-12 2.45733e-12 1.74668e-13
8.35316e-09 4.17941e-09 4.81729e-12 6.48977e-12 1.1307e-11 2.2396e-12
7.59378e-09 3.79781e-09 3.51933e-12 3.56937e-12 3.5193e-12 3.27671e-12
6.90344e-09 3.45515e-09 2.09158e-12 7.85262e-12 2.09156e-12 1.49202e-12
6.27585e-09 3.13555e-09 5.23263e-12 4.31894e-12 1.38705e-11 5.57534e-12
5.70532e-09 2.8505e-09 4.98973e-14 4.75084e-12 4.98809e-14 3.92606e-13
5.18666e-09 2.59206e-09 1.85044e-12 0 1.85045e-12 1.03264e-12
4.71514e-09 2.35689e-09 2.3303e-12 0 2.33029e-12 1.25393e-14
4.28649e-09 2.1373e-09 2.26851e-12 1.26467e-11 2.26852e-12 2.8868e-12
3.89681e-09 1.9476e-09 1.23859e-11 0 2.62973e-11 3.5745e-13
3.54256e-09 1.77509e-09 1.5255e-12 7.65127e-12 1.5255e-12 1.72926e-12
3.22051e-09 1.61595e-09 1.5255e-12 8.4164e-12 1.5255e-12 2.8615e-12
2.92773e-09 1.46277e-09 8.25862e-12 0 8.25862e-12 7.23818e-12
2.66157e-09 1.3239e-09 1.56651e-11 1.01838e-11 3.60327e-11 4.79727e-12
2.41961e-09 1.20984e-09 2.09968e-11 0 4.34012e-11 4.36818e-12
2.19965e-09 1.10902e-09 5.88856e-12 1.23224e-11 5.88856e-12 2.12774e-12
1.99968e-09 1.00305e-09 5.88856e-12 0 5.88856e-12 4.03349e-12
1.81789e-09 8.9461e-10 5.88856e-12 2.98203e-11 5.88856e-12 3.29221e-14
1.65263e-09 8.20059e-10 1.78167e-11 1.64012e-11 5.06191e-11 5.93114e-12
1.50239e-09 7.57735e-10 3.09376e-11 1.80413e-11 6.70202e-11 2.65091e-12
1.36581e-09 6.74745e-10 3.09376e-11 1.98454e-11 7.06285e-11 1.16716e-11
1.24164e-09 6.11239e-10 4.05059e-11 2.183e-11 8.41658e-11 2.357e-13
1.12877e-09 5.76311e-10 3.8082e-11 2.4013e-11 8.61079e-11 1.06793e-11
1.02615e-09 5.28285e-10 1.95491e-11 2.64143e-11 1.95491e-11 1.78832e-11
9.32866e-10 4.64891e-10 3.32794e-11 0 9.13908e-11 1.78832e-11
8.4806e-10 4.47458e-10 3.32794e-11 3.19613e-11 9.72019e-11 3.53166e-11
7.70963e-10 3.51574e-10 4.60639e-11 7.03148e-11 1.16379e-10 3.53166e-11
7.00876e-10 3.86731e-10 2.42509e-11 7.73462e-11 2.42509e-11 3.67494e-12
6.3716e-10 3.40323e-10 5.30954e-11 4.25404e-11 1.38176e-10 4.23481e-11
5.79236e-10 2.80767e-10 5.30954e-11 0 1.46684e-10 5.51102e-11
5.26578e-10 3.08844e-10 1.56598e-11 1.02948e-10 1.56598e-11 1.04021e-11
4.78708e-10 2.26485e-10 4.61089e-11 0 4.61089e-11 1.01875e-11
4.35189e-10 2.49134e-10 6.71337e-11 6.22835e-11 1.91701e-10 1.58496e-11
3.95626e-10 1.37024e-10 7.60642e-12 1.37024e-10 7.60642e-12 3.39294e-12
3.5966e-10 1.50726e-10 7.46077e-11 7.5363e-11 7.46077e-11 3.77141e-11
3.26964e-10 1.65799e-10 7.46077e-11 0 7.46077e-11 3.77141e-11
2.9724e-10 1.82378e-10 1.07767e-10 9.11892e-11 2.90146e-10 4.55443e-12
2.70218e-10 2.00616e-10 3.81353e-11 1.00308e-10 3.81353e-11 7.75159e-11
2.45653e-10 2.20678e-10 4.21112e-11 2.20678e-10 4.21112e-11 7.29463e-11
2.23321e-10 0 9.02955e-11 2.42746e-10 9.02955e-11 1.58765e-10
2.03019e-10 0 1.38845e-10 2.6702e-10 4.05865e-10 7.18429e-11
1.84562e-10 0 2.34984e-10 1.46861e-10 5.28706e-10 1.0172e-10
1.67784e-10 0 1.17483e-10 1.61547e-10 1.17483e-10 1.45779e-10
1.52531e-10 0 1.17548e-11 1.77702e-10 1.17548e-11 1.29624e-10
1.38665e-10 0 3.67159e-10 1.95472e-10 7.58103e-10 3.03079e-11
1.26059e-10 0 2.10781e-10 2.15019e-10 2.10781e-10 2.84422e-10
1.14599e-10 0 1.24773e-10 0 1.24773e-10 1.12406e-10
1.04181e-10 0 3.48269e-10 0 8.68616e-10 4.14499e-11
9.47097e-11 0 3.48269e-10 0 9.20651e-10 6.74672e-11
8.60998e-11 0 1.09636e-10 0 1.09636e-10 1.53324e-10
7.82725e-11 0 4.87408e-10 0 1.17999e-09 5.88815e-11
7.11568e-11 0 6.20723e-10 0 1.38256e-09 4.50058e-11
6.4688e-11 0 1.41117e-10 0 1.41117e-10 6.91378e-12
5.88073e-11 0 4.76326e-10 0 1.39815e-09 3.84025e-10
5.34612e-11 0 4.455e-10 0 4.455e-10 1.53568e-10
4.86011e-11 0 2.42698e-10 0 2.42698e-10 2.54969e-10
4.41828e-11 0 6.4963e-10 0 1.87658e-09 5.33821e-10
4.01662e-11 0 8.9502e-10 0 2.24467e-09 7.17864e-10
3.65147e-11 0 1.16495e-09 0 2.64956e-09 2.45488e-10
3.31952e-11 0 3.19661e-10 0 3.19661e-10 4.68179e-10
3.01774e-11 0 3.33567e-10 0 3.33567e-10 1.03396e-10
2.7434e-11 0 1.46281e-09 0 3.43883e-09 5.5249e-10
2.494e-11 0 1.30361e-09 0 3.47723e-09 8.30721e-10
2.26728e-11 0 8.70006e-10 0 8.70006e-10 6.13359e-10
2.06116e-11 0 1.3482e-09 0 3.97828e-09 5.8213e-10
1.87378e-11 0 1.28188e-09 0 1.28188e-09 1.10815e-09
1.70344e-11 0 1.03259e-09 0 1.03259e-09 3.38397e-10
1.54858e-11 0 2.1498e-09 0 5.65043e-09 6.56636e-10
1.4078e-11 0 4.9421e-11 0 4.9421e-11 8.31668e-10
1.27982e-11 0 3.80128e-09 0 8.03704e-09 7.08611e-10
1.16347e-11 0 2.95412e-09 0 7.61347e-09 1.97934e-09
1.0577e-11 0 2.95412e-09 0 8.0794e-09 2.44528e-09
9.61546e-12 0 3.97918e-09 0 9.61698e-09 1.17364e-10
8.74133e-12 0 5.96495e-10 0 5.96495e-10 7.28307e-10
7.94666e-12 0 5.55776e-09 0 1.23795e-08 4.18228e-10
7.22424e-12 0 4.19341e-09 0 1.16973e-08 1.1004e-09
6.56749e-12 0 1.19185e-09 0 1.19185e-09 2.27636e-09
5.97045e-12 0 7.7953e-09 0 1.6875e-08 1.03821e-09
5.42768e-12 0 3.10039e-09 0 3.10039e-09 1.3024e-10
4.93425e-12 0 5.09794e-09 0 5.09794e-09 5.86239e-09
4.48568e-12 0 8.08585e-09 0 2.0171e-08 9.1847e-10
4.07789e-12 0 1.29199e-08 0 2.62136e-08 2.70707e-09
3.70718e-12 0 3.03248e-09 0 3.03248e-09 7.13024e-10
3.37016e-12 0 5.95708e-09 0 5.95708e-09 4.40503e-09
3.06378e-12 0 1.23912e-08 0 3.00851e-08 2.83336e-09
2.78526e-12 0 5.31367e-09 0 5.31367e-09 5.12887e-09
2.53205e-12 0 2.08843e-08 0 4.22938e-08 1.68326e-09
2.30187e-12 0 2.08843e-08 0 4.44348e-08 7.03565e-09
2.0926e-12 0 6.75395e-09 0 6.75395e-09 1.20703e-09
1.90237e-12 0 1.71162e-08 0 4.56123e-08 5.26936e-09
1.72943e-12 0 1.13799e-08 0 1.13799e-08 9.54378e-09
1.57221e-12 0 2.39182e-08 0 5.83985e-08 4.5618e-09
1.42928e-12 0 3.666e-09 0 3.666e-09 4.05828e-09
1.29934e-12 0 2.66767e-08 0 6.83978e-08 3.52739e-09
1.18122e-12 0 2.66767e-08 0 7.257e-08 3.52739e-09
1.07384e-12 0 2.66767e-08 0 7.71593e-08 2.18847e-08
9.76216e-13 0 2.66767e-08 0 2.66767e-08 2.35496e-08
8.87469e-13 0 3.99604e-08 0 1.01044e-07 2.91027e-08
8.0679e-13 0 1.55268e-08 0 1.55268e-08 1.06018e-08
7.33445e-13 0 4.24037e-08 0 1.16315e-07 3.30732e-08
6.66768e-13 0 1.94321e-09 0 1.94321e-09 1.87025e-10
6.06153e-13 0 7.93595e-08 0 1.68793e-07 3.87811e-09
5.51048e-13 0 2.56997e-08 0 2.56997e-08 1.40085e-08
5.00953e-13 0 9.23519e-08 0 2.00566e-07 2.38461e-08
4.55412e-13 0 8.07905e-08 0 1.99826e-07 1.40288e-08
4.14011e-13 0 3.82449e-08 0 3.82449e-08 1.99805e-08
3.76373e-13 0 9.06205e-08 0 2.34653e-07 3.8942e-08
3.42158e-13 0 4.20078e-09 0 4.20078e-09 1.73371e-08
3.11052e-13 0 6.75752e-08 0 6.75752e-08 7.77246e-08
2.82775e-13 0 2.13666e-09 0 2.13666e-09 2.68432e-08
2.57068e-13 0 1.89571e-07 0 4.00449e-07 4.6014e-08
2.33698e-13 0 2.08683e-08 0 2.08683e-08 6.70562e-09
2.12453e-13 0 1.60048e-07 0 4.15211e-07 5.12859e-08
1.93139e-13 0 1.9718e-07 0 4.77859e-07 1.01812e-07
1.75581e-13 0 3.08042e-07 0 6.1679e-07 1.04599e-08
1.59619e-13 0 6.10448e-08 0 6.10448e-08 5.12895e-08
1.45108e-13 0 1.42728e-07 0 1.42728e-07 1.18521e-07
1.31917e-13 0 3.05572e-07 0 7.16515e-07 9.98422e-08
1.19924e-13 0 1.0537e-07 0 1.0537e-07 1.61484e-07
1.09022e-13 0 1.0537e-07 0 1.0537e-07 4.84744e-08
9.91109e-14 0 5.03162e-07 0 1.05013e-06 1.75284e-07
9.01008e-14 0 1.74984e-07 0 1.74984e-07 2.07591e-07
8.19098e-14 0 4.26677e-07 0 1.0885e-06 1.17342e-07
7.44635e-14 0 3.67515e-07 0 1.09552e-06 4.45211e-07
6.76941e-14 0 7.973e-07 0 1.59811e-06 8.40494e-09
6.15401e-14 0 3.16814e-07 0 3.16814e-07 2.08608e-07
5.59455e-14 0 3.87899e-07 0 3.87899e-07 4.52061e-07
5.08595e-14 0 9.68674e-07 0 2.03455e-06 2.09816e-07
4.6236e-14 0 9.49908e-07 0 2.12237e-06 1.63242e-07
4.20327e-14 0 2.46428e-07 0 2.46428e-07 2.47122e-07
3.82115e-14 0 5.04371e-07 0 5.04371e-07 3.76093e-07
3.47378e-14 0 7.88108e-07 0 2.34866e-06 8.29789e-07
3.15798e-14 0 1.63886e-07 0 1.63886e-07 2.05568e-07
2.87089e-14 0 8.66079e-07 0 8.66079e-07 8.92211e-07
2.6099e-14 0 1.24373e-06 0 3.32083e-06 9.96058e-07
2.37264e-14 0 2.52521e-09 0 2.52521e-09 5.61764e-07
2.15694e-14 0 1.36836e-06 0 3.88164e-06 1.26608e-06
1.96086e-14 0 1.39614e-07 0 1.39614e-07 1.16227e-07
1.7826e-14 0 2.90423e-06 0 5.9453e-06 2.98465e-07
1.62054e-14 0 2.56971e-06 0 5.91489e-06 1.46412e-07
1.47322e-14 0 3.23875e-06 0 6.91845e-06 4.8093e-07
1.33929e-14 0 1.76686e-06 0 1.76686e-06 1.35892e-06
1.21754e-14 0 1.47796e-07 0 1.47796e-07 7.5177e-07
1.10685e-14 0 7.42692e-07 0 7.42692e-07 1.25183e-06
1.00623e-14 0 2.70177e-06 0 8.08922e-06 1.68678e-06
9.14754e-15 0 1.62428e-06 0 1.62428e-06 1.81506e-06
8.31594e-15 0 4.39036e-07 0 4.39036e-07 9.26132e-07
7.55995e-15 0 3.04656e-06 0 3.04656e-06 6.00191e-07
6.87268e-15 0 4.4807e-06 0 1.23685e-05 4.06076e-06
6.24789e-15 0 6.56217e-06 0 1.52387e-05 3.03823e-06
5.6799e-15 0 3.09156e-06 0 3.09156e-06 3.90301e-06
5.16355e-15 0 6.45264e-06 0 1.69513e-05 1.51696e-06
4.69413e-15 0 6.1457e-06 0 1.76942e-05 4.78221e-06
4.26739e-15 0 6.1457e-06 0 6.1457e-06 5.034e-06
3.87945e-15 0 1.1227e-05 0 2.52007e-05 4.4935e-06
3.52677e-15 0 8.4323e-06 0 2.38033e-05 1.00009e-06
3.20616e-15 0 1.45807e-05 0 3.14888e-05 2.31535e-07
2.91469e-15 0 9.09067e-06 0 9.09067e-06 2.76775e-06
2.64972e-15 0 1.28105e-05 0 3.32693e-05 1.88198e-06
2.40883e-15 0 1.99237e-05 0 4.24284e-05 2.90492e-06
2.18985e-15 0 1.09218e-05 0 1.09218e-05 1.3032e-05
1.99077e-15 0 2.08239e-05 0 4.80546e-05 6.77211e-06
1.80979e-15 0 2.27453e-05 0 5.26991e-05 2.6875e-06
1.64526e-15 0 7.20851e-06 0 7.20851e-06 1.18981e-06
1.4957e-15 0 2.57407e-05 0 6.19847e-05 1.52848e-05
1.35972e-15 0 1.84918e-05 0 1.84918e-05 1.91471e-05
1.23611e-15 0 1.05181e-05 0 1.05181e-05 5.19313e-06
1.12374e-15 0 3.33372e-05 0 8.15781e-05 1.6157e-05
1.02158e-15 0 4.38482e-05 0 9.69132e-05 1.03755e-05
9.28709e-16 0 1.98298e-05 0 1.98298e-05 5.06902e-06
8.44281e-16 0 1.51931e-05 0 1.51931e-05 9.52385e-06
7.67528e-16 0 2.80348e-05 0 2.80348e-05 1.07441e-07
6.97753e-16 0 5.67205e-05 0 0.000134413 2.81443e-05
6.34321e-16 0 7.2259e-05 0 0.000157721 2.93262e-06
5.76655e-16 0 5.51667e-05 0 0.000149174 2.6979e-05
5.24232e-16 0 3.88411e-05 0 3.88411e-05 5.04809e-05
4.76575e-16 0 8.52492e-05 0 0.000198999 4.01401e-05
4.3325e-16 0 5.7504e-06 0 5.7504e-06 2.87651e-05
3.93863e-16 0 6.93242e-05 0 0.000206961 6.63024e-05
3.58058e-16 0 0.000150895 0 0.000302295 9.39784e-06
3.25507e-16 0 9.03345e-05 0 0.000256875 2.45379e-05
2.95915e-16 0 0.000123643 0 0.000306837 2.45379e-05
2.69014e-16 0 8.70037e-05 0 8.70037e-05 9.45386e-05
2.44558e-16 0 0.000154813 0 0.000376479 0.000104614
2.22326e-16 0 0.000199146 0 0.000442978 6.21843e-06
2.02114e-16 0 9.34521e-05 0 9.34521e-05 9.13144e-05
1.8374e-16 0 0.000174763 0 0.0004698 5.10821e-05
1.67037e-16 0 0.000233771 0 0.000558311 9.53376e-05
1.51851e-16 0 0.000298679 0 0.000655673 7.91106e-05
1.38047e-16 0 0.000201114 0 0.000593808 0.000135086
1.25497e-16 0 0.000427197 0 0.00085916 1.72779e-05
1.14088e-16 0 0.000263945 0 0.000739105 0.000168465
1.03717e-16 0 0.000401279 0 0.000923955 0.000187905
9.42878e-17 0 0.000401279 0 0.000976222 0.000214038
8.57161e-17 0 0.000516267 0 0.00114871 4.15555e-05
7.79238e-17 0 0.00038978 0 0.00108546 0.000294531
7.08398e-17 0 0.000584174 0 0.00134942 1.6258e-05
6.43998e-17 0 2.80257e-05 0 2.80257e-05 1.6258e-05
5.85453e-17 0 2.80257e-05 0 2.80257e-05 0.000142524
5.3223e-17 0 0.000213216 0 0.000213216 0.000274154
4.83845e-17 0 0.000601622 0 0.00172202 0.000426936
4.39859e-17 0 0.000742861 0 0.0019753 0.000301325
3.99872e-17 0 0.000496372 0 0.000496372 0.000561384
3.6352e-17 0 0.000859314 0 0.00235057 0.0004936
3.30473e-17 0 0.000631941 0 0.000631941 0.000717288
3.0043e-17 0 0.000352287 0 0.000352287 0.000677035
2.73118e-17 0 0.00036948 0 0.00036948 0.000495837
2.48289e-17 0 2.74921e-05 0 2.74921e-05 0.000297351
2.25717e-17 0 0.000900831 0 0.000900831 0.00101266
2.05198e-17 0 0.00138117 0 0.00402302 0.000908688
1.86543e-17 0 0.000324427 0 0.000324427 0.000940606
1.69585e-17 0 0.00264925 0 0.00584589 0.000948316
1.54168e-17 0 0.0013706 0 0.0013706 0.000330339
1.40153e-17 0 0.00207386 0 0.00594179 0.000724551
1.27412e-17 0 0.00411483 0 0.00836955 0.000822621
1.15829e-17 0 0.001562 0 0.001562 0.00194295
1.05299e-17 0 0.00124612 0 0.00124612 0.00180121
9.57262e-18 0 0.00330541 0 0.00896845 0.0007729
8.70238e-18 0 0.00330541 0 0.00953475 0.00303812
7.91126e-18 0 0.000432196 0 0.000432196 0.00132242
7.19205e-18 0 0.00504962 0 0.0125871 0.00141849
6.53823e-18 0 0.00504962 0 0.0133409 0.00179536
5.94384e-18 0 0.00324163 0 0.00324163 0.00428274
5.40349e-18 0 0.00324163 0 0.00324163 0.000178567
4.91227e-18 0 0.00679079 0 0.0178264 0.00469315
4.4657e-18 0 0.00458366 0 0.00458366 0.00303181
4.05973e-18 0 0.0118672 0 0.0252203 0.000609961
3.69066e-18 0 0.00118467 0 0.00118467 0.00206067
3.35515e-18 0 0.00175302 0 0.00175302 0.00381472
3.05013e-18 0 0.0047099 0 0.0047099 0.0050718
2.77285e-18 0 0.0166177 0 0.0361681 0.0032945
2.52077e-18 0 0.0107527 0 0.0322581 0.0025706
2.29161e-18 0 0.00645166 0 0.00645166 0.00925735
2.08328e-18 0 0.0111828 0 0.0111828 0.00452617
1.89389e-18 0 0.0267957 0 0.0554194 0.00582725
1.72172e-18 0 0.00755264 0 0.00755264 0.00132867
1.5652e-18 0 0.0302306 0 0.0648652 0.00290297
1.42291e-18 0 0.00944981 0 0.00944981 0.00229222
1.29355e-18 0 0.00578942 0 0.00578942 0.00532739
1.17596e-18 0 0.014171 0 0.014171 0.00742279
1.06905e-18 0 0.014171 0 0.014171 0.00281292
