0.000000000000000 2.000000000000000 2.000000000000000 2.000000000000004
0.001001001001001 1.990826561915998 1.990826432191893 1.990826433842687
0.002002002002002 1.981679441985686 1.981679182796408 1.981679186088579
0.003003003003003 1.972558550947640 1.972558162551093 1.972558167475266
0.004004004004004 1.963463799823975 1.963463282477036 1.963463289023884
0.005005005005005 1.954395099919411 1.954394453877939 1.954394462038175
0.006006006006006 1.945352362820353 1.945351588339197 1.945351598103574
0.007007007007007 1.936335500393972 1.936334597726973 1.936334609086291
0.008008008008008 1.927344424787282 1.927343394187283 1.927343407132379
0.009009009009009 1.918379048426235 1.918377890145083 1.918377904666840
0.010010010010010 1.909439284014798 1.909437998303355 1.909438014392693
0.011011011011011 1.900525044534054 1.900523631642199 1.900523649290084
0.012012012012012 1.891636243241292 1.891634703417928 1.891634722615361
0.013013013013013 1.882772793669105 1.882771127162164 1.882771147900192
0.014014014014014 1.873934609624490 1.873932816680941 1.873932838950651
0.015015015015015 1.865121605187949 1.865119686053804 1.865119709846321
0.016016016016016 1.856333694712601 1.856331649632918 1.856331674939412
0.017017017017017 1.847570792823283 1.847568622042175 1.847568648853851
0.018018018018018 1.838832814415667 1.838830518176308 1.838830546484412
0.019019019019019 1.830119674655376 1.830117253200002 1.830117282995824
0.020020020020020 1.821431288977094 1.821428742547015 1.821428773821881
0.021021021021021 1.812767573083694 1.812764901919296 1.812764934664573
0.022022022022022 1.804128442945357 1.804125647286109 1.804125681493201
0.023023023023023 1.795513814798697 1.795510894883158 1.795510930543511
0.024024024024024 1.786923605145895 1.786920561211718 1.786920598316815
0.025025025025025 1.778357730753825 1.778354563037763 1.778354601579128
0.026026026026026 1.769816108653190 1.769812817391103 1.769812857360296
0.027027027027027 1.761298656137660 1.761295241564520 1.761295282953141
0.028028028028028 1.752805290763013 1.752801753112909 1.752801795912597
0.029029029029029 1.744335930346274 1.744332269852419 1.744332314054849
0.030030030030030 1.735890492964865 1.735886709859599 1.735886755456486
0.031031031031031 1.727468896955747 1.727464991470548 1.727465038453645
0.032032032032032 1.719071060914578 1.719067033280062 1.719067081641158
0.033033033033033 1.710696903694861 1.710692754140792 1.710692803871715
0.034034034034034 1.702346344407106 1.702342073162397 1.702342124255011
0.035035035035035 1.694019302417982 1.694014909710705 1.694014962156912
0.036036036036036 1.685715697349484 1.685711183406874 1.685711237198614
0.037037037037037 1.677435449078097 1.677430814126558 1.677430869255806
0.038038038038038 1.669178477733961 1.669173721999070 1.669173778457838
0.039039039039039 1.660944703700043 1.660939827406557 1.660939885186896
0.040040040040040 1.652734047611309 1.652729050983170 1.652729110077165
0.041041041041041 1.644546430353897 1.644541313614239 1.644541374014012
0.042042042042042 1.636381773064299 1.636376536435452 1.636376598133158
0.043043043043043 1.628239997128540 1.628234640832034 1.628234703819870
0.044044044044044 1.620121024181356 1.620115548437931 1.620115612708125
0.045045045045045 1.612024776105390 1.612019181134997 1.612019246679814
0.046046046046046 1.603951175030371 1.603945461052179 1.603945527863920
0.047047047047047 1.595900143332308 1.595894310564711 1.595894378635712
0.048048048048048 1.587871603632689 1.587865652293309 1.587865721615942
0.049049049049049 1.579865478797666 1.579859409103361 1.579859479670030
0.050050050050050 1.571881691937267 1.571875504104132 1.571875575907280
0.051051051051051 1.563920166404585 1.563913860647964 1.563913933680064
0.052052052052052 1.555980825794991 1.555974402329476 1.555974476583040
0.053053053053053 1.548063593945336 1.548057052984776 1.548057128452348
0.054054054054054 1.540168394933161 1.540161736690667 1.540161813364825
0.055055055055055 1.532295153075909 1.532288377763859 1.532288455637218
0.056056056056056 1.524443792930140 1.524436900760184 1.524436979825389
0.057057057057057 1.516614239290745 1.516607230473810 1.516607310723542
0.058058058058058 1.508806417190169 1.508799291936465 1.508799373363437
0.059059059059059 1.501020251897628 1.501013010416653 1.501013093013613
0.060060060060060 1.493255668918338 1.493248311418883 1.493248395178614
0.061061061061061 1.485512593992738 1.485505120682894 1.485505205598208
0.062062062062062 1.477790953095723 1.477783364182882 1.477783450246628
0.063063063063063 1.470090672435869 1.470082968126736 1.470083055331793
0.064064064064064 1.462411678454677 1.462403858955268 1.462403947294550
0.065065065065065 1.454753897825800 1.454745963341452 1.454746052807903
0.066066066066066 1.447117257454288 1.447109208189663 1.447109298776260
0.067067067067067 1.439501684475828 1.439493520634916 1.439493612334673
0.068068068068068 1.431907106255987 1.431898828042115 1.431898920848072
0.069069069069069 1.424333450389460 1.424325058005294 1.424325151910527
0.070070070070070 1.416780644699316 1.416772138346869 1.416772233344483
0.071071071071071 1.409248617236254 1.409239997116887 1.409240093200022
0.072072072072072 1.401737296277851 1.401728562592283 1.401728659754109
0.073073073073073 1.394246610327824 1.394237763276134 1.394237861509850
0.074074074074074 1.386776488115283 1.386767527896914 1.386767627195757
0.075075075075075 1.379326858593994 1.379317785407764 1.379317885764995
0.076076076076076 1.371897650941645 1.371888464985743 1.371888566394658
0.077077077077077 1.364488794559106 1.364479496031106 1.364479598485032
0.078078078078078 1.357100219069701 1.357090808166561 1.357090911658854
0.079079079079079 1.349731854318479 1.349722331236548 1.349722435760595
0.080080080080080 1.342383630371481 1.342373995306505 1.342374100855725
0.081081081081081 1.335055477515023 1.335045730662148 1.335045837229990
0.082082082082082 1.327747326254965 1.327737467808744 1.327737575388687
0.083083083083083 1.320459107315998 1.320449137470396 1.320449246055947
0.084084084084084 1.313190751640922 1.313180670589317 1.313180780174018
0.085085085085085 1.305942190389930 1.305931998325124 1.305932108902541
0.086086086086086 1.298713354939895 1.298703052054115 1.298703163617849
0.087087087087087 1.291504176883663 1.291493763368565 1.291493875912243
0.088088088088088 1.284314588029336 1.284304064076015 1.284304177593294
0.089089089089089 1.277144520399573 1.277133886198561 1.277134000683130
0.090090090090090 1.269993906230882 1.269983161972159 1.269983277417733
0.091091091091091 1.262862677972916 1.262851823845914 1.262851940246238
0.092092092092092 1.255750768287781 1.255739804481383 1.255739921830233
0.093093093093093 1.248658110049329 1.248647036751882 1.248647155043061
0.094094094094094 1.241584636342469 1.241573453741783 1.241573572969121
0.095095095095095 1.234530280462472 1.234518988745826 1.234519108903186
0.096096096096096 1.227494975914279 1.227483575268429 1.227483696349699
0.097097097097097 1.220478656411814 1.220467147022996 1.220467269022092
0.098098098098098 1.213481255877299 1.213469637931230 1.213469760842100
0.099099099099099 1.206502708440564 1.206490982122454 1.206491105939069
0.100100100100100 1.199542948438374 1.199531113932923 1.199531238649286
0.101101101101101 1.192601910413740 1.192589967905150 1.192590093515289
0.102102102102102 1.185679529115249 1.185667478787222 1.185667605285195
0.103103103103103 1.178775739496382 1.178763581532131 1.178763708912023
0.104104104104104 1.171890476714847 1.171878211297096 1.171878339553018
0.105105105105105 1.165023676131902 1.165011303442894 1.165011432568987
0.106106106106106 1.158175273311690 1.158162793533191 1.158162923523619
0.107107107107107 1.151345204020573 1.151332617333873 1.151332748182831
0.108108108108108 1.144533404226463 1.144520710812386 1.144520842514096
0.109109109109109 1.137739810098164 1.137727010137070 1.137727142685777
0.110110110110110 1.130964358004708 1.130951451676496 1.130951585066477
0.111111111111111 1.124206984514699 1.124193971998817 1.124194106224371
0.112112112112112 1.117467626395656 1.117454507871100 1.117454642926554
0.113113113113113 1.110746220613361 1.110732996258681 1.110733132138391
0.114114114114114 1.104042704331202 1.104029374324511 1.104029511022854
0.115115115115115 1.097357014909530 1.097343579428501 1.097343716939886
0.116116116116116 1.090689089905005 1.090675549126882 1.090675687445738
0.117117117117117 1.084038867069955 1.084025221171555 1.084025360292341
0.118118118118118 1.077406284351728 1.077392533509446 1.077392673426648
0.119119119119119 1.070791279892056 1.070777424281870 1.070777564989996
0.120120120120120 1.064193792026411 1.064179831823885 1.064179973317470
0.121121121121121 1.057613759283369 1.057599694663658 1.057599836937263
0.122122122122122 1.051051120383976 1.051036951521832 1.051037094570042
0.123123123123123 1.044505814241111 1.044491541310887 1.044491685128313
0.124124124124124 1.037977779958859 1.037963403134512 1.037963547715791
0.125125125125125 1.031466956831881 1.031452476286977 1.031452621626772
0.126126126126126 1.024973284344782 1.024958700252505 1.024958846345498
0.127127127127127 1.018496702171494 1.018482014704642 1.018482161545547
0.128128128128128 1.012037150174645 1.012022359505641 1.012022507089191
0.129129129129129 1.005594568404943 1.005579674705836 1.005579823026793
0.130130130130130 0.999168897100554 0.999153900543027 0.999154049596175
0.131131131131131 0.992760076686485 0.992744977441856 0.992745127222004
0.132132132132132 0.986368047773972 0.986352846013200 0.986352996515181
0.133133133133133 0.979992751159860 0.979977447053550 0.979977598272220
0.134134134134134 0.973634127826000 0.973618721544406 0.973618873474648
0.135135135135135 0.967292118938633 0.967276610651663 0.967276763288380
0.136136136136136 0.960966665847787 0.960951055725008 0.960951209063128
0.137137137137137 0.954657710086667 0.954641998297308 0.954642152331786
0.138138138138138 0.948365193371059 0.948349380084016 0.948349534809826
0.139139139139139 0.942089057598719 0.942073142982560 0.942073298394704
0.140140140140140 0.935829244848780 0.935813229071750 0.935813385165247
0.141141141141141 0.929585697381154 0.929569580611175 0.929569737381074
0.142142142142142 0.923358357635933 0.923342140040614 0.923342297481982
0.143143143143143 0.917147168232797 0.917130849979434 0.917131008087365
0.144144144144144 0.910952071970422 0.910935653226006 0.910935811995615
0.145145145145145 0.904773011825890 0.904756492757108 0.904756652183532
0.146146146146146 0.898609930954102 0.898593311727343 0.898593471805743
0.147147147147147 0.892462772687188 0.892446053468548 0.892446214194107
0.148148148148148 0.886331480533928 0.886314661489212 0.886314822857136
0.149149149149149 0.880215998179164 0.880199079473891 0.880199241479409
0.150150150150150 0.874116269483225 0.874099251282633 0.874099413920995
0.151151151151151 0.868032238481341 0.868015120950393 0.868015284216870
0.152152152152152 0.861963849383074 0.861946632686458 0.861946796576347
0.153153153153153 0.855911046571739 0.855893730873874 0.855893895382492
0.154154154154154 0.849873774603829 0.849856360068872 0.849856525191557
0.155155155155155 0.843851978208447 0.843834465000293 0.843834630732405
0.156156156156156 0.837845602286735 0.837827990569023 0.837828156905946
0.157157157157157 0.831854591911308 0.831836881847426 0.831837048784563
0.158158158158158 0.825878892325684 0.825861084078772 0.825861251611548
0.159159159159159 0.819918448943724 0.819900542676678 0.819900710800540
0.160160160160160 0.813973207349068 0.813955203224544 0.813955371934961
0.161161161161161 0.808043113294574 0.808025011474996 0.808025180767457
0.162162162162162 0.802128112701762 0.802109913349319 0.802110083219335
0.163163163163163 0.796228151660255 0.796209854936911 0.796210025380012
0.164164164164164 0.790343176427221 0.790324782494718 0.790324953506458
0.165165165165165 0.784473133426827 0.784454642446687 0.784454814022638
0.166166166166166 0.778617969249682 0.778599381383211 0.778599553518968
0.167167167167167 0.772777630652288 0.772758946060584 0.772759118751761
0.168168168168168 0.766952064556492 0.766933283400447 0.766933456642679
0.169169169169169 0.761141218048944 0.761122340489244 0.761122514278188
0.170170170170170 0.755345038380544 0.755326064577680 0.755326238909012
0.171171171171171 0.749563472965909 0.749544403080176 0.749544577949591
0.172172172172172 0.743796469382823 0.743777303574326 0.743777478977541
0.173173173173173 0.738043975371705 0.738024713800364 0.738024889733116
0.174174174174174 0.732305938835068 0.732286581660619 0.732286758118664
0.175175175175175 0.726582307836982 0.726562855218984 0.726563032198098
0.176176176176176 0.720873030602542 0.720853482700380 0.720853660196360
0.177177177177177 0.715178055517338 0.715158412490226 0.715158590498888
0.178178178178178 0.709497331126919 0.709477593133904 0.709477771651084
0.179179179179179 0.703830806136266 0.703810973336235 0.703811152357787
0.180180180180180 0.698178429409267 0.698158501960948 0.698158681482747
0.181181181181181 0.692540149968189 0.692520128030155 0.692520308048094
0.182182182182182 0.686915916993155 0.686895800723830 0.686895981233822
0.183183183183183 0.681305679821623 0.681285469379283 0.681285650377261
0.184184184184184 0.675709387947861 0.675689083490640 0.675689264972556
0.185185185185185 0.670126991022434 0.670106592708329 0.670106774670153
0.186186186186186 0.664558438851683 0.664537946838555 0.664538129276275
0.187187187187187 0.659003681397211 0.658983095842790 0.658983278752415
0.188188188188188 0.653462668775369 0.653441989837259 0.653442173214816
0.189189189189189 0.647935351256741 0.647914579092424 0.647914762933957
0.190190190190190 0.642421679265639 0.642400814032477 0.642400998334052
0.191191191191191 0.636921603379589 0.636900645234828 0.636900829992526
0.192192192192192 0.631435074328827 0.631414023429603 0.631414208639526
0.193193193193193 0.625962042995789 0.625940899499130 0.625941085157397
0.194194194194194 0.620502460414612 0.620481224477444 0.620481410580192
0.195195195195195 0.615056277770629 0.615034949549777 0.615035136093161
0.196196196196196 0.609623446399868 0.609602026052061 0.609602213032254
0.197197197197197 0.604203917788554 0.604182405470430 0.604182592883625
0.198198198198198 0.598797643572609 0.598776039440716 0.598776227283122
0.199199199199199 0.593404575537158 0.593382879747962 0.593383068015806
0.200200200200200 0.588024665616033 0.588002878325920 0.588003067015446
0.201201201201201 0.582657865891285 0.582635987256560 0.582636176364032
0.202202202202202 0.577304128592684 0.577282158769583 0.577282348291279
0.203203203203203 0.571963406097236 0.571941345241925 0.571941535174143
0.204204204204204 0.566635650928694 0.566613499197272 0.566613689536328
0.205205205205205 0.561320815757067 0.561298573305574 0.561298764047800
0.206206206206206 0.556018853398142 0.555996520382559 0.555996711524303
0.207207207207207 0.550729716812995 0.550707293389248 0.550707484926877
0.208208208208208 0.545453359107511 0.545430845431477 0.545431037361374
0.209209209209209 0.540189733531902 0.540167129759410 0.540167322077977
0.210210210210210 0.534938793480233 0.534916099767070 0.534916292470722
0.211211211211211 0.529700492489937 0.529677708991851 0.529677902077024
0.212212212212212 0.524474784241346 0.524451911114049 0.524452104577194
0.213213213213213 0.519261622557215 0.519238659956388 0.519238853793971
0.214214214214214 0.514060961402246 0.514037909483541 0.514038103692046
0.215215215215215 0.508872754882621 0.508849613801665 0.508849808377595
0.216216216216216 0.503696957245529 0.503673727157931 0.503673922097801
0.217217217217217 0.498533522878700 0.498510203940050 0.498510399240394
0.218218218218218 0.493382406309939 0.493358998675814 0.493359194333181
0.219219219219219 0.488243562206656 0.488220066032623 0.488220262043580
0.220220220220220 0.483116945375409 0.483093360817029 0.483093557178157
0.221221221221221 0.478002510761435 0.477978837974268 0.477979034682165
0.222222222222222 0.472900213448195 0.472876452587802 0.472876649639082
0.223223223223223 0.467810008656912 0.467786159878857 0.467786357270149
0.224224224224224 0.462731851746112 0.462707915205968 0.462708112933919
0.225225225225225 0.457665698211170 0.457641674064524 0.457641872125794
0.226226226226226 0.452611503683854 0.452587392086307 0.452587590477573
0.227227227227227 0.447569223931872 0.447545025039044 0.447545223757001
0.228228228228228 0.442538814858418 0.442514528825954 0.442514727867307
0.229229229229229 0.437520232501725 0.437495859485295 0.437496058846769
0.230230230230230 0.432513433034613 0.432488973189918 0.432489172868251
0.231231231231231 0.427518372764043 0.427493826246817 0.427494026238763
0.232232232232232 0.422535008130669 0.422510375096684 0.422510575399014
0.233233233233233 0.417563295708396 0.417538576313465 0.417538776922960
0.234234234234234 0.412603192203934 0.412578386603912 0.412578587517375
0.235235235235235 0.407654654456356 0.407629762807149 0.407629964021392
0.236236236236236 0.402717639436659 0.402692661894223 0.402692863406078
0.237237237237237 0.397792104247326 0.397767040967671 0.397767242773980
0.238238238238238 0.392878006121883 0.392852857261080 0.392853059358703
0.239239239239239 0.387975302424468 0.387950068138649 0.387950270524460
0.240240240240240 0.383083950649396 0.383058631094758 0.383058833765644
0.241241241241241 0.378203908420721 0.378178503753530 0.378178706706395
0.242242242242242 0.373335133491806 0.373309643868402 0.373309847100162
0.243243243243243 0.368477583744896 0.368452009321693 0.368452212829282
0.244244244244244 0.363631217190681 0.363605558124175 0.363605761904537
0.245245245245245 0.358795991967877 0.358770248414644 0.358770452464741
0.246246246246246 0.353971866342789 0.353946038459495 0.353946242776302
0.247247247247247 0.349158798708897 0.349132886652295 0.349133091232800
0.248248248248248 0.344356747586422 0.344330751513360 0.344330956354566
0.249249249249249 0.339565671621910 0.339539591689332 0.339539796788255
0.250250250250250 0.334785529587808 0.334759365952759 0.334759571306431
0.251251251251251 0.330016280382043 0.329990033201672 0.329990238807138
0.252252252252252 0.325257883027608 0.325231552459170 0.325231758313488
0.253253253253253 0.320510296672140 0.320483882873002 0.320484088973244
0.254254254254254 0.315773480587505 0.315746983715147 0.315747190058399
0.255255255255255 0.311047394169387 0.311020814381408 0.311021020964770
0.256256256256256 0.306331996936870 0.306305334390988 0.306305541211573
0.257257257257257 0.301627248532030 0.301600503386088 0.301600710441023
0.258258258258258 0.296933108719522 0.296906281131491 0.296906488417915
0.259259259259259 0.292249537386170 0.292222627514152 0.292222835029219
0.260260260260260 0.287576494540563 0.287549502542794 0.287549710283669
0.261261261261261 0.282913940312643 0.282886866347498 0.282887074311362
0.262262262262262 0.278261834953306 0.278234679179300 0.278234887363346
0.263263263263263 0.273620138833991 0.273592901409784 0.273593109811218
0.264264264264264 0.268988812446283 0.268961493530682 0.268961702146723
0.265265265265265 0.264367816401507 0.264340416153471 0.264340624981351
0.266266266266266 0.259757111430332 0.259729630008975 0.259729839045939
0.267267267267267 0.255156658382368 0.255129095946962 0.255129305190267
0.268268268268268 0.250566418225771 0.250538774935749 0.250538984382666
0.269269269269269 0.245986352046848 0.245958628061807 0.245958837709619
0.270270270270270 0.241416421049656 0.241388616529362 0.241388826375365
0.271271271271271 0.236856586555615 0.236828701660004 0.236828911701506
0.272272272272272 0.232306810003111 0.232278844892295 0.232279055126617
0.273273273273273 0.227767052947106 0.227739007781374 0.227739218205849
0.274274274274274 0.223237277058748 0.223209151998570 0.223209362610544
0.275275275275275 0.218717444124982 0.218689239331014 0.218689450127844
0.276276276276276 0.214207516048164 0.214179231681247 0.214179442660305
0.277277277277277 0.209707454845671 0.209679091066838 0.209679302225506
0.278278278278278 0.205217222649518 0.205188779619998 0.205188990955670
0.279279279279279 0.200736781705975 0.200708259587193 0.200708471097276
0.280280280280280 0.196266094375182 0.196237493328765 0.196237705010678
0.281281281281281 0.191805123130771 0.191776443318549 0.191776655169723
0.282282282282282 0.187353830559482 0.187325072143492 0.187325284161369
0.283283283283283 0.182912179360786 0.182883342503277 0.182883554685312
0.284284284284284 0.178480132346507 0.178451217209940 0.178451429553599
0.285285285285285 0.174057652440444 0.174028659187499 0.174028871690259
0.286286286286286 0.169644702677998 0.169615631471574 0.169615844130926
0.287287287287287 0.165241246205795 0.165212097209016 0.165212310022461
0.288288288288288 0.160847246281318 0.160818019657533 0.160818232622582
0.289289289289289 0.156462666272526 0.156433362185315 0.156433575299494
0.290290290290290 0.152087469657495 0.152058088270670 0.152058301531514
0.291291291291291 0.147721620024037 0.147692161501648 0.147692374906705
0.292292292292292 0.143365081069342 0.143335545575677 0.143335759122505
0.293293293293293 0.139017816599602 0.138988204299193 0.138988417985362
0.294294294294294 0.134679790529653 0.134650101587277 0.134650315410367
0.295295295295295 0.130350966882603 0.130321201463287 0.130321415420890
0.296296296296296 0.126031309789474 0.126001468058496 0.126001682148217
0.297297297297297 0.121720783488836 0.121690865611731 0.121691079831182
0.298298298298298 0.117419352326449 0.117389358469009 0.117389572815815
0.299299299299299 0.113126980754898 0.113096911083178 0.113097125554976
0.300300300300300 0.108843633333238 0.108813488013558 0.108813702607994
0.301301301301301 0.104569274726637 0.104539053925584 0.104539268640317
0.302302302302302 0.100303869706014 0.100273573590447 0.100273788423145
0.303303303303303 0.096047383147690 0.096017011884742 0.096017226833083
0.304304304304304 0.091799780033027 0.091769333790108 0.091769548851784
0.305305305305305 0.087561025448080 0.087530504392883 0.087530719565592
0.306306306306306 0.083331084583243 0.083300488883742 0.083300704165197
0.307307307307307 0.079109922732896 0.079079252557353 0.079079467945275
0.308308308308308 0.074897505295059 0.074866760812026 0.074866976304147
0.309309309309309 0.070693797771040 0.070662979149361 0.070663194743422
0.310310310310310 0.066498765765086 0.066467873173903 0.066468088867657
0.311311311311311 0.062312374984042 0.062281408592795 0.062281624384006
0.312312312312312 0.058134591237000 0.058103551215432 0.058103767101871
0.313313313313313 0.053965380434958 0.053934266953116 0.053934482932569
0.314314314314314 0.049804708590473 0.049773521818716 0.049773737888974
0.315315315315315 0.045652541817325 0.045621281926319 0.045621498085187
0.316316316316316 0.041508846330167 0.041477513490897 0.041477729736187
0.317317317317317 0.037373588444195 0.037342182827961 0.037342399157497
0.318318318318318 0.033246734574801 0.033215256353224 0.033215472764839
0.319319319319319 0.029128251237238 0.029096700582264 0.029096917073801
0.320320320320320 0.025018105046285 0.024986482130186 0.024986698699499
0.321321321321321 0.020916262715908 0.020884567711286 0.020884784356237
0.322322322322322 0.016822691058927 0.016790924138719 0.016791140857180
0.323323323323323 0.012737356986684 0.012705518324160 0.012705735114014
0.324324324324324 0.008660227508707 0.008628317277477 0.008628534136615
0.325325325325325 0.004591269732381 0.004559288106399 0.004559505032722
0.326326326326326 0.000530450862616 0.000498398016179 0.000498615007598
0.327327327327327 -0.003522261798480 -0.003554385690726 -0.003554168636290
0.328328328328328 -0.007566900851932 -0.007599095614990 -0.007598878499609
0.329329329329329 -0.011603498802224 -0.011635764260743 -0.011635547086477
0.330330330330330 -0.015632088057625 -0.015664424035896 -0.015664206804797
0.331331331331331 -0.019652700930515 -0.019685107252469 -0.019684889966581
0.332332332332332 -0.023665369637709 -0.023697846126915 -0.023697628788269
0.333333333333333 -0.027670126300778 -0.027702672780438 -0.027702455391060
0.334334334334334 -0.031667002946376 -0.031699619239322 -0.031699401801227
0.335335335335335 -0.035656031506556 -0.035688717435250 -0.035688499950442
0.336336336336336 -0.039637243819093 -0.039669999205619 -0.039669781676097
0.337337337337337 -0.043610671627801 -0.043643496293868 -0.043643278721619
0.338338338338338 -0.047576346582854 -0.047609240349787 -0.047609022736791
0.339339339339339 -0.051534300241100 -0.051567262929842 -0.051567045278070
0.340340340340340 -0.055484564066380 -0.055517595497486 -0.055517377808898
0.341341341341341 -0.059427169429838 -0.059460269423474 -0.059460051700022
0.342342342342342 -0.063362147610241 -0.063395315986179 -0.063395098229809
0.343343343343343 -0.067289529794289 -0.067322766371906 -0.067322548584551
0.344344344344344 -0.071209347076927 -0.071242651675200 -0.071242433858789
0.345345345345345 -0.075121630461656 -0.075155002899162 -0.075154785055612
0.346346346346346 -0.079026410860844 -0.079059850955753 -0.079059633086973
0.347347347347347 -0.082923719096034 -0.082957226666111 -0.082957008774002
0.348348348348348 -0.086813585898251 -0.086847160760849 -0.086846942847304
0.349349349349349 -0.090696041908315 -0.090729683880374 -0.090729465947277
0.350350350350350 -0.094571117677138 -0.094604826575181 -0.094604608624408
0.351351351351351 -0.098438843666037 -0.098472619306168 -0.098472401339586
0.352352352352352 -0.102299250247033 -0.102333092444934 -0.102332874464402
0.353353353353353 -0.106152367703157 -0.106186276274086 -0.106186058281455
0.354354354354354 -0.109998226228753 -0.110032200987537 -0.110031982984651
0.355355355355355 -0.113836855929775 -0.113870896690813 -0.113870678679505
0.356356356356356 -0.117668286824092 -0.117702393401348 -0.117702175383446
0.357357357357357 -0.121492548841785 -0.121526721048787 -0.121526503026108
0.358358358358358 -0.125309671825446 -0.125343909475281 -0.125343691449637
0.359359359359359 -0.129119685530475 -0.129153988435789 -0.129153770408982
0.360360360360360 -0.132922619625378 -0.132956987598370 -0.132956769572194
0.361361361361361 -0.136718503692060 -0.136752936544483 -0.136752718520726
0.362362362362362 -0.140507367226122 -0.140541864769278 -0.140541646749717
0.363363363363363 -0.144289239637155 -0.144323801681889 -0.144323583668297
0.364364364364364 -0.148064150249030 -0.148098776605732 -0.148098558599871
0.365365365365365 -0.151832128300191 -0.151866818778793 -0.151866600782419
0.366366366366366 -0.155593202943950 -0.155627957353919 -0.155627739368780
0.367367367367367 -0.159347403248769 -0.159382221399108 -0.159382003426945
0.368368368368368 -0.163094758198557 -0.163129639897800 -0.163129421940346
0.369369369369369 -0.166835296692954 -0.166870241749164 -0.166870023808144
0.370370370370370 -0.170569047547617 -0.170604055768385 -0.170603837845516
0.371371371371371 -0.174296039494512 -0.174331110686949 -0.174330892783941
0.372372372372372 -0.178016301182192 -0.178051435152932 -0.178051217271490
0.373373373373373 -0.181729861176088 -0.181765057731282 -0.181764839873101
0.374374374374374 -0.185436747958790 -0.185472006904103 -0.185471789070870
0.375375375375375 -0.189136989930328 -0.189172311070938 -0.189172093264334
0.376376376376376 -0.192830615408457 -0.192865998549051 -0.192865780770750
0.377377377377377 -0.196517652628936 -0.196553097573707 -0.196552879825377
0.378378378378378 -0.200198129745809 -0.200233636298454 -0.200233418581752
0.379379379379379 -0.203872074831684 -0.203907642795399 -0.203907425111979
0.380380380380380 -0.207539515878009 -0.207575145055491 -0.207574927406997
0.381381381381381 -0.211200480795355 -0.211236170988794 -0.211235953376864
0.382382382382382 -0.214854997413686 -0.214890748424765 -0.214890530851031
0.383383383383383 -0.218503093482639 -0.218538905112530 -0.218538687578615
0.384384384384384 -0.222144796671798 -0.222180668721159 -0.222180451228682
0.385385385385385 -0.225780134570965 -0.225816066839941 -0.225815849390510
0.386386386386386 -0.229409134690437 -0.229445126978652 -0.229444909573872
0.387387387387387 -0.233031824461278 -0.233067876567834 -0.233067659209301
0.388388388388388 -0.236648231235586 -0.236684342959061 -0.236684125648366
0.389389389389389 -0.240258382286768 -0.240294553425214 -0.240294336163938
0.390390390390390 -0.243862304809807 -0.243898535160746 -0.243898317950467
0.391391391391391 -0.247460025921533 -0.247496315281953 -0.247496098124241
0.392392392392392 -0.251051572660889 -0.251087920827243 -0.251087703723660
0.393393393393393 -0.254636971989197 -0.254673378757401 -0.254673161709505
0.394394394394394 -0.258216250790429 -0.258252715955857 -0.258252498965197
0.395395395395395 -0.261789435871466 -0.261825959228949 -0.261825742297069
0.396396396396396 -0.265356553962368 -0.265393135306190 -0.265392918434627
0.397397397397397 -0.268917631716634 -0.268954270840530 -0.268954054030814
0.398398398398398 -0.272472695711467 -0.272509392408620 -0.272509175662277
0.399399399399399 -0.276021772448036 -0.276058526511074 -0.276058309829620
0.400400400400400 -0.279564888351734 -0.279601699572729 -0.279601482957676
0.401401401401401 -0.283102069772443 -0.283138937942906 -0.283138721395760
0.402402402402402 -0.286633342984790 -0.286670267895669 -0.286670051417929
0.403403403403403 -0.290158734188409 -0.290195715630086 -0.290195499223246
0.404404404404404 -0.293678269508195 -0.293715307270486 -0.293715090936030
0.405405405405405 -0.297191974994564 -0.297229068866711 -0.297228852606122
0.406406406406406 -0.300699876623708 -0.300737026394381 -0.300736810209132
0.407407407407407 -0.304202000297851 -0.304239205755145 -0.304238989646704
0.408408408408408 -0.307698371845504 -0.307735632776932 -0.307735416746763
0.409409409409409 -0.311189017021718 -0.311226333214212 -0.311226117263771
0.410410410410410 -0.314673961508337 -0.314711332748245 -0.314711116878983
0.411411411411411 -0.318153230914251 -0.318190656987334 -0.318190441200694
0.412412412412412 -0.321626850775647 -0.321664331467075 -0.321664115764496
0.413413413413413 -0.325094846556260 -0.325132381650612 -0.325132166033528
0.414414414414414 -0.328557243647622 -0.328594832928881 -0.328594617398718
0.415415415415415 -0.332014067369314 -0.332051710620863 -0.332051495179044
0.416416416416416 -0.335465342969208 -0.335503039973833 -0.335502824621771
0.417417417417417 -0.338911095623722 -0.338948846163604 -0.338948630902709
0.418418418418418 -0.342351350438062 -0.342389154294775 -0.342388939126452
0.419419419419419 -0.345786132446469 -0.345823989400980 -0.345823774326628
0.420420420420420 -0.349215466612466 -0.349253376445129 -0.349253161466140
0.421421421421421 -0.352639377829098 -0.352677340319655 -0.352677125437416
0.422422422422422 -0.356057890919182 -0.356095905846755 -0.356095691062648
0.423423423423423 -0.359471030635543 -0.359509097778638 -0.359508883094039
0.424424424424424 -0.362878821661261 -0.362916940797760 -0.362916726214040
0.425425425425425 -0.366281288609911 -0.366319459517072 -0.366319245035597
0.426426426426426 -0.369678456025802 -0.369716678480257 -0.369716464102386
0.427427427427427 -0.373070348384221 -0.373108622161969 -0.373108407889057
0.428428428428428 -0.376456990091665 -0.376495314968075 -0.376495100801471
0.429429429429429 -0.379838405486088 -0.379876781235892 -0.379876567176939
0.430430430430430 -0.383214618837131 -0.383253045234423 -0.383252831284462
0.431431431431431 -0.386585654346362 -0.386624131164598 -0.386623917324960
0.432432432432432 -0.389951536147514 -0.389990063159504 -0.389989849431518
0.433433433433433 -0.393312288306717 -0.393350865284625 -0.393350651669615
0.434434434434434 -0.396667934822733 -0.396706561538077 -0.396706348037359
0.435435435435435 -0.400018499627192 -0.400057175850837 -0.400056962465725
0.436436436436436 -0.403364006584823 -0.403402732086981 -0.403402518818781
0.437437437437437 -0.406704479493688 -0.406743254043915 -0.406743040893932
0.438438438438438 -0.410039942085411 -0.410078765452603 -0.410078552422134
0.439439439439439 -0.413370418025414 -0.413409289977806 -0.413409077068142
0.440440440440440 -0.416695930913140 -0.416734851218303 -0.416734638430733
0.441441441441441 -0.420016504282290 -0.420055472707126 -0.420055260042932
0.442442442442442 -0.423332161601044 -0.423371177911789 -0.423370965372250
0.443443443443443 -0.426642926272296 -0.426681990234513 -0.426681777820900
0.444444444444444 -0.429948821633879 -0.429987933012454 -0.429987720726038
0.445445445445445 -0.433249870958787 -0.433289029517932 -0.433288817359973
0.446446446446446 -0.436546097455410 -0.436585302958655 -0.436585090930414
0.447447447447447 -0.439837524267750 -0.439876776477942 -0.439876564580673
0.448448448448448 -0.443124174475650 -0.443163473154954 -0.443163261389904
0.449449449449449 -0.446406071095019 -0.446445416004909 -0.446445204373325
0.450450450450450 -0.449683237078053 -0.449722627979314 -0.449722416482434
0.451451451451451 -0.452955695313454 -0.452995131966180 -0.452994920605239
0.452452452452452 -0.456223468626660 -0.456262950790247 -0.456262739566477
0.453453453453453 -0.459486579780059 -0.459526107213205 -0.459525896127831
0.454454454454454 -0.462745051473210 -0.462784623933914 -0.462784412988158
0.455455455455455 -0.465998906343066 -0.466038523588623 -0.466038312783702
0.456456456456456 -0.469248166964189 -0.469287828751189 -0.469287618088316
0.457457457457457 -0.472492855848973 -0.472532561933296 -0.472532351413678
0.458458458458458 -0.475732995447854 -0.475772745584671 -0.475772535209513
0.459459459459459 -0.478968608149536 -0.479008402093304 -0.479008191863804
0.460460460460460 -0.482199716281199 -0.482239553785658 -0.482239343703011
0.461461461461461 -0.485426342108718 -0.485466222926891 -0.485466012992289
0.462462462462462 -0.488648507836881 -0.488688431721068 -0.488688221935696
0.463463463463463 -0.491866235609595 -0.491906202311374 -0.491905992676416
0.464464464464464 -0.495079547510108 -0.495119556780329 -0.495119347296962
0.465465465465465 -0.498288465561216 -0.498328517150002 -0.498328307819399
0.466466466466466 -0.501493011725478 -0.501533105382219 -0.501532896205549
0.467467467467467 -0.504693207905424 -0.504733343378777 -0.504733134357208
0.468468468468468 -0.507889075943772 -0.507929252981658 -0.507929044116348
0.469469469469469 -0.511080637623632 -0.511120855973231 -0.511120647265339
0.470470470470470 -0.514267914668718 -0.514308174076470 -0.514307965527148
0.471471471471471 -0.517450928743556 -0.517491228955157 -0.517491020565555
0.472472472472472 -0.520629701453693 -0.520670042214092 -0.520669833985355
0.473473473473473 -0.523804254345906 -0.523844635399302 -0.523844427332570
0.474474474474474 -0.526974608908405 -0.527015029998246 -0.527014822094657
0.475475475475475 -0.530140786571042 -0.530181247440021 -0.530181039700708
0.476476476476476 -0.533302808705513 -0.533343309095567 -0.533343101521659
0.477477477477477 -0.536460696625571 -0.536501236277877 -0.536501028870499
0.478478478478478 -0.539614471587219 -0.539655050242193 -0.539654843002466
0.479479479479479 -0.542764154788923 -0.542804772186216 -0.542804565115259
0.480480480480480 -0.545909767371811 -0.545950423250307 -0.545950216349234
0.481481481481481 -0.549051330419875 -0.549092024517688 -0.549091817787609
0.482482482482482 -0.552188864960173 -0.552229597014647 -0.552229390456667
0.483483483483483 -0.555322391963033 -0.555363161710734 -0.555362955325958
0.484484484484485 -0.558451932342247 -0.558492739518968 -0.558492533308494
0.485485485485485 -0.561577506955279 -0.561618351296031 -0.561618145260953
0.486486486486486 -0.564699136603456 -0.564740017842469 -0.564739811983880
0.487487487487487 -0.567816842032174 -0.567857759902892 -0.567857554221880
0.488488488488488 -0.570930643931090 -0.570971598166172 -0.570971392663821
0.489489489489490 -0.574040562934323 -0.574081553265637 -0.574081347943028
0.490490490490490 -0.577146619620649 -0.577187645779272 -0.577187440637482
0.491491491491491 -0.580248834513699 -0.580289896229911 -0.580289691270015
0.492492492492492 -0.583347228082151 -0.583388325085438 -0.583388120308505
0.493493493493493 -0.586441820739929 -0.586482952758974 -0.586482748166073
0.494494494494495 -0.589532632846392 -0.589573799609080 -0.589573595201273
0.495495495495495 -0.592619684706535 -0.592660885939944 -0.592660681718290
0.496496496496497 -0.595702996571176 -0.595744232001575 -0.595744027967133
0.497497497497497 -0.598782588637149 -0.598823857990002 -0.598823654143824
0.498498498498498 -0.601858481047500 -0.601899784047454 -0.601899580390592
0.499499499499500 -0.604930693891672 -0.604972030262565 -0.604971826796063
0.500500500500501 -0.607999247205703 -0.608040616670551 -0.608040413395454
0.501501501501502 -0.611064160972410 -0.611105563253411 -0.611105360170759
0.502502502502503 -0.614125455121580 -0.614166889940111 -0.614166687050941
0.503503503503503 -0.617183149530161 -0.617224616606774 -0.617224413912120
0.504504504504504 -0.620237264022448 -0.620278763076869 -0.620278560577760
0.505505505505506 -0.623287818370272 -0.623329349121395 -0.623329146818861
0.506506506506507 -0.626334832293186 -0.626376394459075 -0.626376192354138
0.507507507507508 -0.629378325458653 -0.629419918756537 -0.629419716850219
0.508508508508508 -0.632418317482231 -0.632459941628501 -0.632459739921820
0.509509509509509 -0.635454827927756 -0.635496482637965 -0.635496281131937
0.510510510510511 -0.638487876307532 -0.638529561296391 -0.638529359992026
0.511511511511512 -0.641517482082511 -0.641559197063887 -0.641558995962195
0.512512512512513 -0.644543664662479 -0.644585409349392 -0.644585208451379
0.513513513513513 -0.647566443406238 -0.647608217510857 -0.647608016817526
0.514514514514514 -0.650585837621787 -0.650627640855432 -0.650627440367783
0.515515515515516 -0.653601866566508 -0.653643698639642 -0.653643498358672
0.516516516516517 -0.656614549447343 -0.656656410069574 -0.656656209996278
0.517517517517518 -0.659623905420976 -0.659665794301054 -0.659665594436423
0.518518518518518 -0.662629953594017 -0.662671870439828 -0.662671670784850
0.519519519519519 -0.665632713023175 -0.665674657541743 -0.665674458097405
0.520520520520521 -0.668632202715444 -0.668674174612925 -0.668673975380209
0.521521521521522 -0.671628441628276 -0.671670440609958 -0.671670241589844
0.522522522522523 -0.674621448669761 -0.674663474440061 -0.674663275633526
0.523523523523523 -0.677611242698807 -0.677653294961266 -0.677653096369285
0.524524524524524 -0.680597842525312 -0.680639920982597 -0.680639722606141
0.525525525525526 -0.683581266910344 -0.683623371264243 -0.683623173104283
0.526526526526527 -0.686561534566316 -0.686603664517735 -0.686603466575236
0.527527527527528 -0.689538664157161 -0.689580819406122 -0.689580621682048
0.528528528528528 -0.692512674298506 -0.692554854544145 -0.692554657039459
0.529529529529529 -0.695483583557847 -0.695525788498413 -0.695525591214071
0.530530530530531 -0.698451410454723 -0.698493639787572 -0.698493442724531
0.531531531531532 -0.701416173460886 -0.701458426882483 -0.701458230041697
0.532532532532533 -0.704377891000481 -0.704420168206392 -0.704419971588811
0.533533533533533 -0.707336581450208 -0.707378882135103 -0.707378685741676
0.534534534534534 -0.710292263139502 -0.710334586997149 -0.710334390828822
0.535535535535536 -0.713244954350698 -0.713287301073963 -0.713287105131680
0.536536536536537 -0.716194673319206 -0.716237042600049 -0.716236846884749
0.537537537537538 -0.719141438233676 -0.719183829763149 -0.719183634275773
0.538538538538539 -0.722085267236174 -0.722127680704418 -0.722127485445901
0.539539539539539 -0.725026178422344 -0.725068613518587 -0.725068418489863
0.540540540540541 -0.727964189841580 -0.728006646254135 -0.728006451456136
0.541541541541542 -0.730899319497192 -0.730941796913456 -0.730941602347109
0.542542542542543 -0.733831585346578 -0.733874083453024 -0.733873889119257
0.543543543543544 -0.736761005301382 -0.736803523783563 -0.736803329683301
0.544544544544544 -0.739687597227668 -0.739730135770212 -0.739729941904377
0.545545545545546 -0.742611378946084 -0.742653937232691 -0.742653743602202
0.546546546546547 -0.745532368232024 -0.745574945945463 -0.745574752551238
0.547547547547548 -0.748450582815795 -0.748493179637905 -0.748492986480858
0.548548548548549 -0.751366040382784 -0.751408655994466 -0.751408463075513
0.549549549549550 -0.754278758573614 -0.754321392654836 -0.754321199974886
0.550550550550551 -0.757188754984315 -0.757231407214103 -0.757231214774065
0.551551551551552 -0.760096047166484 -0.760138717222921 -0.760138525023702
0.552552552552553 -0.763000652627445 -0.763043340187671 -0.763043148230175
0.553553553553554 -0.765902588830412 -0.765945293570620 -0.765945101855751
0.554554554554555 -0.768801873194653 -0.768844594790087 -0.768844403318744
0.555555555555556 -0.771698523095645 -0.771741261220597 -0.771741069993679
0.556556556556557 -0.774592555865240 -0.774635310193049 -0.774635119211452
0.557557557557558 -0.777483988791821 -0.777526758994867 -0.777526568259485
0.558558558558559 -0.780372839120461 -0.780415624870167 -0.780415434381892
0.559559559559560 -0.783259124053085 -0.783301925019913 -0.783301734779636
0.560560560560561 -0.786142860748624 -0.786185676602071 -0.786185486610680
0.561561561561562 -0.789024066323176 -0.789066896731774 -0.789066706990155
0.562562562562563 -0.791902757850162 -0.791945602481473 -0.791945412990511
0.563563563563564 -0.794778952360482 -0.794821810881099 -0.794821621641676
0.564564564564565 -0.797652666842672 -0.797695538918213 -0.797695349931210
0.565565565565566 -0.800523918243060 -0.800566803538167 -0.800566614804463
0.566566566566567 -0.803392723465920 -0.803435621644259 -0.803435433164731
0.567567567567568 -0.806259099373629 -0.806302010097884 -0.806301821873407
0.568568568568569 -0.809123062786820 -0.809165985718692 -0.809165797750140
0.569569569569570 -0.811984630484536 -0.812027565284740 -0.812027377572983
0.570570570570571 -0.814843819204381 -0.814886765532647 -0.814886578078555
0.571571571571572 -0.817700645642679 -0.817743603157743 -0.817743415962184
0.572572572572573 -0.820555126454619 -0.820598094814227 -0.820597907878068
0.573573573573574 -0.823407278254413 -0.823450257115316 -0.823450070439421
0.574574574574575 -0.826257117615444 -0.826300106633395 -0.826299920218627
0.575575575575576 -0.829104661070420 -0.829147659900171 -0.829147473747391
0.576576576576577 -0.831949925111519 -0.831992933406823 -0.831992747516891
0.577577577577578 -0.834792926190547 -0.834835943604149 -0.834835757977923
0.578578578578579 -0.837633680719080 -0.837676706902721 -0.837676521541056
0.579579579579580 -0.840472205068618 -0.840515239673029 -0.840515054576781
0.580580580580581 -0.843308515570734 -0.843351558245632 -0.843351373415652
0.581581581581582 -0.846142628517217 -0.846185678911307 -0.846185494348449
0.582582582582583 -0.848974560160226 -0.849017617921197 -0.849017433626309
0.583583583583584 -0.851804326712434 -0.851847391486954 -0.851847207460885
0.584584584584585 -0.854631944347175 -0.854675015780894 -0.854674832024491
0.585585585585586 -0.857457429198593 -0.857500506936134 -0.857500323450242
0.586586586586587 -0.860280797361784 -0.860323881046745 -0.860323697832208
0.587587587587588 -0.863102064892945 -0.863145154167896 -0.863144971225556
0.588588588588589 -0.865921247809516 -0.865964342315997 -0.865964159646696
0.589589589589590 -0.868738362090329 -0.868781461468845 -0.868781279073422
0.590590590590591 -0.871553423675748 -0.871596527565769 -0.871596345445061
0.591591591591592 -0.874366448467813 -0.874409556507772 -0.874409374662618
0.592592592592593 -0.877177452330388 -0.877220564157677 -0.877220382588910
0.593593593593594 -0.879986451089298 -0.880029566340265 -0.880029385048720
0.594594594594595 -0.882793460532475 -0.882836578842425 -0.882836397828935
0.595595595595596 -0.885598496410099 -0.885641617413288 -0.885641436678684
0.596596596596597 -0.888401574434739 -0.888444697764374 -0.888444517309487
0.597597597597598 -0.891202710281497 -0.891245835569731 -0.891245655395388
0.598598598598599 -0.894001919588143 -0.894045046466077 -0.894044866573105
0.599599599599600 -0.896799217955261 -0.896842346052937 -0.896842166442165
0.600600600600601 -0.899594620946386 -0.899637749892789 -0.899637570565039
0.601601601601602 -0.902388144088145 -0.902431273511195 -0.902431094467292
0.602602602602603 -0.905179802870394 -0.905222932396949 -0.905222753637716
0.603603603603604 -0.907969612746359 -0.908012742002208 -0.908012563528465
0.604604604604605 -0.910757589132769 -0.910800717742636 -0.910800539555204
0.605605605605606 -0.913543747410003 -0.913586874997538 -0.913586697097236
0.606606606606607 -0.916328102922218 -0.916371229109997 -0.916371051497642
0.607607607607608 -0.919110670977491 -0.919153795387015 -0.919153618063424
0.608608608608609 -0.921891466847954 -0.921934589099645 -0.921934412065634
0.609609609609610 -0.924670505769929 -0.924713625483129 -0.924713448739513
0.610610610610611 -0.927447802944067 -0.927490919737035 -0.927490743284627
0.611611611611612 -0.930223373535480 -0.930266487025388 -0.930266310865000
0.612612612612613 -0.932997232673876 -0.933040342476810 -0.933040166609252
0.613613613613614 -0.935769395453697 -0.935812501184651 -0.935812325610735
0.614614614614615 -0.938539876934246 -0.938582978207123 -0.938582802927658
0.615615615615616 -0.941308692139829 -0.941351788567436 -0.941351613583229
0.616616616616617 -0.944075856059883 -0.944118947253928 -0.944118772565788
0.617617617617618 -0.946841383649107 -0.946884469220201 -0.946884294828933
0.618618618618619 -0.949605289827600 -0.949648369385252 -0.949648195291661
0.619619619619620 -0.952367589480991 -0.952410662633602 -0.952410488838494
0.620620620620621 -0.955128297460566 -0.955171363815434 -0.955171190319611
0.621621621621622 -0.957887428583406 -0.957930487746717 -0.957930314550981
0.622622622622623 -0.960644997632513 -0.960688049209342 -0.960687876314497
0.623623623623624 -0.963401019356942 -0.963444062951251 -0.963443890358096
0.624624624624625 -0.966155508471932 -0.966198543686565 -0.966198371395901
0.625625625625626 -0.968908479659033 -0.968951506095717 -0.968951334108343
0.626626626626627 -0.971659947566238 -0.971702964825578 -0.971702793142291
0.627627627627628 -0.974409926808110 -0.974452934489587 -0.974452763111186
0.628628628628629 -0.977158431965909 -0.977201429667879 -0.977201258595160
0.629629629629630 -0.979905477587724 -0.979948464907415 -0.979948294141175
0.630630630630631 -0.982651078188598 -0.982694054722107 -0.982693884263139
0.631631631631632 -0.985395248250656 -0.985438213592945 -0.985438043442045
0.632632632632633 -0.988138002223229 -0.988180955968129 -0.988180786126090
0.633633633633634 -0.990879354522986 -0.990922296263187 -0.990922126730802
0.634634634634635 -0.993619319534056 -0.993662248861109 -0.993662079639171
0.635635635635636 -0.996357911608154 -0.996400828112466 -0.996400659201765
0.636636636636637 -0.999095145064706 -0.999138048335542 -0.999137879736870
0.637637637637638 -1.001831034190978 -1.001873923816454 -1.001873755530601
0.638638638638639 -1.004565593242196 -1.004608468809278 -1.004608300837033
0.639639639639640 -1.007298836441669 -1.007341697536173 -1.007341529878326
0.640640640640641 -1.010030777980919 -1.010073624187506 -1.010073456844843
0.641641641641642 -1.012761432019799 -1.012804262921972 -1.012804095895283
0.642642642642643 -1.015490812686618 -1.015533627866724 -1.015533461156795
0.643643643643644 -1.018218934078265 -1.018261733117486 -1.018261566725104
0.644644644644645 -1.020945810260327 -1.020988592738684 -1.020988426664633
0.645645645645646 -1.023671455267216 -1.023714220763563 -1.023714055008630
0.646646646646647 -1.026395883102288 -1.026438631194310 -1.026438465759280
0.647647647647648 -1.029119107737964 -1.029161838002176 -1.029161672887834
0.648648648648649 -1.031841143115852 -1.031883855127595 -1.031883690334724
0.649649649649650 -1.034562003146865 -1.034604696480306 -1.034604532009687
0.650650650650651 -1.037281701711345 -1.037324375939471 -1.037324211791890
0.651651651651652 -1.040000252659180 -1.040042907353798 -1.040042743530036
0.652652652652653 -1.042717669809922 -1.042760304541659 -1.042760141042499
0.653653653653654 -1.045433966952912 -1.045476581291207 -1.045476418117428
0.654654654654655 -1.048149157847392 -1.048191751360497 -1.048191588512881
0.655655655655656 -1.050863256222625 -1.050905828477604 -1.050905665956933
0.656656656656657 -1.053576275778016 -1.053618826340740 -1.053618664147793
0.657657657657658 -1.056288230183228 -1.056330758618371 -1.056330596753930
0.658658658658659 -1.058999133078296 -1.059041638949339 -1.059041477414181
0.659659659659660 -1.061708998073749 -1.061751480942972 -1.061751319737877
0.660660660660661 -1.064417838750723 -1.064460298179204 -1.064460137304951
0.661661661661662 -1.067125668661077 -1.067168104208692 -1.067167943666059
0.662662662662663 -1.069832501327514 -1.069874912552930 -1.069874752342696
0.663663663663664 -1.072538350243689 -1.072580736704366 -1.072580576827306
0.664664664664665 -1.075243228874329 -1.075285590126515 -1.075285430583410
0.665665665665666 -1.077947150655347 -1.077989486254077 -1.077989327045703
0.666666666666667 -1.080650128993955 -1.080692438493048 -1.080692279620183
0.667667667667668 -1.083352177268778 -1.083394460220837 -1.083394301684254
0.668668668668669 -1.086053308829973 -1.086095564786377 -1.086095406586856
0.669669669669670 -1.088753536999334 -1.088795765510240 -1.088795607648557
0.670670670670671 -1.091452875070410 -1.091495075684752 -1.091494918161683
0.671671671671672 -1.094151336308618 -1.094193508574101 -1.094193351390419
0.672672672672673 -1.096848933951355 -1.096891077414453 -1.096890920570937
0.673673673673674 -1.099545681208108 -1.099587795414063 -1.099587638911489
0.674674674674675 -1.102241591260567 -1.102283675753388 -1.102283519592530
0.675675675675676 -1.104936677262739 -1.104978731585196 -1.104978575766829
0.676676676676677 -1.107630952341053 -1.107672976034678 -1.107672820559576
0.677677677677678 -1.110324429594477 -1.110366422199559 -1.110366267068498
0.678678678678679 -1.113017122094626 -1.113059083150209 -1.113058928363965
0.679679679679680 -1.115709042885868 -1.115750971929752 -1.115750817489100
0.680680680680681 -1.118400204985443 -1.118442101554177 -1.118441947459890
0.681681681681682 -1.121090621383563 -1.121132485012446 -1.121132331265297
0.682682682682683 -1.123780305043526 -1.123822135266602 -1.123821981867368
0.683683683683684 -1.126469268901823 -1.126511065251881 -1.126510912201337
0.684684684684685 -1.129157525868250 -1.129199287876820 -1.129199135175740
0.685685685685686 -1.131845088826009 -1.131886816023360 -1.131886663672518
0.686686686686687 -1.134531970631824 -1.134573662546962 -1.134573510547132
0.687687687687688 -1.137218184116042 -1.137259840276708 -1.137259688628664
0.688688688688689 -1.139903742082743 -1.139945362015409 -1.139945210719927
0.689689689689690 -1.142588657309847 -1.142630240539716 -1.142630089597570
0.690690690690691 -1.145272942549219 -1.145314488600221 -1.145314338012186
0.691691691691692 -1.147956610526777 -1.147998118921567 -1.147997968688416
0.692692692692693 -1.150639673942597 -1.150681144202553 -1.150680994325061
0.693693693693694 -1.153322145471018 -1.153363577116237 -1.153363427595179
0.694694694694695 -1.156004037760748 -1.156045430310045 -1.156045281146197
0.695695695695696 -1.158685363434968 -1.158726716405875 -1.158726567600010
0.696696696696697 -1.161366135091439 -1.161407448000199 -1.161407299553093
0.697697697697698 -1.164046365302602 -1.164087637664172 -1.164087489576599
0.698698698698699 -1.166726066615687 -1.166767297943729 -1.166767150216466
0.699699699699700 -1.169405251552813 -1.169446441359696 -1.169446293993516
0.700700700700701 -1.172083932611092 -1.172125080407890 -1.172124933403570
0.701701701701702 -1.174762122262735 -1.174803227559221 -1.174803080917536
0.702702702702703 -1.177439832955149 -1.177480895259797 -1.177480748981524
0.703703703703704 -1.180117077111046 -1.180158095931025 -1.180157950016940
0.704704704704705 -1.182793867128541 -1.182834841969714 -1.182834696420591
0.705705705705706 -1.185470215381254 -1.185511145748176 -1.185511000564793
0.706706706706707 -1.188146134218414 -1.188187019614329 -1.188186874797464
0.707707707707708 -1.190821635964956 -1.190862475891797 -1.190862331442225
0.708708708708709 -1.193496732921628 -1.193537526880009 -1.193537382798509
0.709709709709710 -1.196171437365085 -1.196212184854306 -1.196212041141652
0.710710710710711 -1.198845761547995 -1.198886462066034 -1.198886318723005
0.711711711711712 -1.201519717699136 -1.201560370742647 -1.201560227770023
0.712712712712713 -1.204193318023496 -1.204233923087810 -1.204233780486369
0.713713713713714 -1.206866574702372 -1.206907131281493 -1.206906989052013
0.714714714714715 -1.209539499893473 -1.209580007480074 -1.209579865623332
0.715715715715716 -1.212212105731013 -1.212252563816435 -1.212252422333212
0.716716716716717 -1.214884404325813 -1.214924812400063 -1.214924671291139
0.717717717717718 -1.217556407765399 -1.217596765317147 -1.217596624583302
0.718718718718719 -1.220228128114101 -1.220268434630678 -1.220268294272691
0.719719719719720 -1.222899577413147 -1.222939832380543 -1.222939692399194
0.720720720720721 -1.225570767680766 -1.225610970583625 -1.225610830979696
0.721721721721722 -1.228241710912280 -1.228281861233901 -1.228281722008174
0.722722722722723 -1.230912419080203 -1.230952516302535 -1.230952377455792
0.723723723723724 -1.233582904134336 -1.233622947737981 -1.233622809271001
0.724724724724725 -1.236253178001870 -1.236293167466070 -1.236293029379639
0.725725725725726 -1.238923252587470 -1.238963187390116 -1.238963049685016
0.726726726726727 -1.241593139773383 -1.241633019391005 -1.241632882068020
0.727727727727728 -1.244262851419525 -1.244302675327293 -1.244302538387207
0.728728728728729 -1.246932399363579 -1.246972167035300 -1.246972030478896
0.729729729729730 -1.249601795421091 -1.249641506329207 -1.249641370157271
0.730730730730731 -1.252271051385564 -1.252310705001147 -1.252310569214465
0.731731731731732 -1.254940179028550 -1.254979774821304 -1.254979639420661
0.732732732732733 -1.257609190099747 -1.257648727538002 -1.257648592524184
0.733733733733734 -1.260278096327091 -1.260317574877802 -1.260317440251597
0.734734734734735 -1.262946909416851 -1.262986328545597 -1.262986194307791
0.735735735735736 -1.265615641053721 -1.265655000224699 -1.265654866376082
0.736736736736737 -1.268284302900914 -1.268323601576939 -1.268323468118299
0.737737737737738 -1.270952906600253 -1.270992144242756 -1.270992011174880
0.738738738738739 -1.273621463772264 -1.273660639841289 -1.273660507164969
0.739739739739740 -1.276289986016270 -1.276329099970471 -1.276328967686497
0.740740740740741 -1.278958484910480 -1.278997536207119 -1.278997404316282
0.741741741741742 -1.281626972012084 -1.281665960107029 -1.281665828610120
0.742742742742743 -1.284295458857340 -1.284334383205061 -1.284334252102872
0.743743743743744 -1.286963956961668 -1.287002817015239 -1.287002686308562
0.744744744744745 -1.289632477819741 -1.289671273030831 -1.289671142720460
0.745745745745746 -1.292301032905573 -1.292339762724450 -1.292339632811181
0.746746746746747 -1.294969633672614 -1.295008297548138 -1.295008168032764
0.747747747747748 -1.297638291553835 -1.297676888933456 -1.297676759816771
0.748748748748749 -1.300307017961819 -1.300345548291579 -1.300345419574380
0.749749749749750 -1.302975824288853 -1.303014287013378 -1.303014158696463
0.750750750750751 -1.305644721907013 -1.305683116469515 -1.305682988553678
0.751751751751752 -1.308313722168259 -1.308352048010529 -1.308351920496572
0.752752752752753 -1.310982836404517 -1.311021092966928 -1.311020965855648
0.753753753753754 -1.313652075927772 -1.313690262649272 -1.313690135941469
0.754754754754755 -1.316321452030154 -1.316359568348266 -1.316359442044740
0.755755755755756 -1.318990975984027 -1.319029021334846 -1.319028895436398
0.756756756756757 -1.321660659042077 -1.321698632860267 -1.321698507367698
0.757757757757758 -1.324330512437397 -1.324368414156191 -1.324368289070305
0.758758758758759 -1.327000547383578 -1.327038376434772 -1.327038251756371
0.759759759759760 -1.329670775074793 -1.329708530888745 -1.329708406618634
0.760760760760761 -1.332341206685884 -1.332378888691513 -1.332378764830495
0.761761761761762 -1.335011853372450 -1.335049460997232 -1.335049337546115
0.762762762762763 -1.337682726270930 -1.337720258940897 -1.337720135900487
0.763763763763764 -1.340353836498695 -1.340391293638431 -1.340391171009534
0.764764764764765 -1.343025195154126 -1.343062576186765 -1.343062453970191
0.765765765765766 -1.345696813316705 -1.345734117663928 -1.345733995860483
0.766766766766767 -1.348368702047097 -1.348405929129132 -1.348405807739629
0.767767767767768 -1.351040872387238 -1.351078021622855 -1.351077900648104
0.768768768768769 -1.353713335360416 -1.353750406166927 -1.353750285607738
0.769769769769770 -1.356386101971359 -1.356423093764612 -1.356422973621799
0.770770770770771 -1.359059183206317 -1.359096095400696 -1.359095975675070
0.771771771771772 -1.361732590033146 -1.361769422041570 -1.361769302733946
0.772772772772773 -1.364406333401392 -1.364443084635309 -1.364442965746504
0.773773773773774 -1.367080424242376 -1.367117094111764 -1.367116975642593
0.774774774774775 -1.369754873469275 -1.369791461382637 -1.369791343333914
0.775775775775776 -1.372429691977207 -1.372466197341569 -1.372466079714115
0.776776776776777 -1.375104890643311 -1.375141312864222 -1.375141195658855
0.777777777777778 -1.377780480326833 -1.377816818808357 -1.377816702025898
0.778778778778779 -1.380456471869204 -1.380492726013926 -1.380492609655191
0.779779779779780 -1.383132876094128 -1.383169045303143 -1.383168929368958
0.780780780780781 -1.385809703807657 -1.385845787480573 -1.385845671971760
0.781781781781782 -1.388486965798278 -1.388522963333212 -1.388522848250594
0.782782782782783 -1.391164672836992 -1.391200583630567 -1.391200468974969
0.783783783783784 -1.393842835677394 -1.393878659124738 -1.393878544896984
0.784784784784785 -1.396521465055758 -1.396557200550499 -1.396557086751417
0.785785785785786 -1.399200571691111 -1.399236218625378 -1.399236105255796
0.786786786786787 -1.401880166285322 -1.401915724049739 -1.401915611110485
0.787787787787788 -1.404560259523174 -1.404595727506859 -1.404595614998763
0.788788788788789 -1.407240862072448 -1.407276239663013 -1.407276127586904
0.789789789789790 -1.409921984584003 -1.409957271167547 -1.409957159524259
0.790790790790791 -1.412603637691855 -1.412638832652965 -1.412638721443330
0.791791791791792 -1.415285832013256 -1.415320934735002 -1.415320823959856
0.792792792792793 -1.417968578148770 -1.418003588012708 -1.418003477672884
0.793793793793794 -1.420651886682360 -1.420686803068521 -1.420686693164854
0.794794794794795 -1.423335768181457 -1.423370590468351 -1.423370481001681
0.795795795795796 -1.426020233197046 -1.426054960761658 -1.426054851732823
0.796796796796797 -1.428705292263738 -1.428739924481525 -1.428739815891365
0.797797797797798 -1.431390955899854 -1.431425492144743 -1.431425383994097
0.798798798798799 -1.434077234607497 -1.434111674251882 -1.434111566541590
0.799799799799800 -1.436764138872634 -1.436798481287374 -1.436798374018282
0.800800800800801 -1.439451679165172 -1.439485923719587 -1.439485816892538
0.801801801801802 -1.442139865939031 -1.442174012000902 -1.442173905616743
0.802802802802803 -1.444828709632227 -1.444862756567794 -1.444862650627368
0.803803803803804 -1.447518220666946 -1.447552167840902 -1.447552062345059
0.804804804804805 -1.450208409449620 -1.450242256225111 -1.450242151174699
0.805805805805806 -1.452899286371003 -1.452933032109625 -1.452932927505494
0.806806806806807 -1.455590861806247 -1.455624505868044 -1.455624401711046
0.807807807807808 -1.458283146114980 -1.458316687858440 -1.458316584149425
0.808808808808809 -1.460976149641379 -1.461009588423434 -1.461009485163257
0.809809809809810 -1.463669882714246 -1.463703217890267 -1.463703115079783
0.810810810810811 -1.466364355647082 -1.466397586570878 -1.466397484210944
0.811811811811812 -1.469059578738165 -1.469092704761981 -1.469092602853452
0.812812812812813 -1.471755562270622 -1.471788582745135 -1.471788481288871
0.813813813813814 -1.474452316512506 -1.474485230786822 -1.474485129783683
0.814814814814815 -1.477149851716865 -1.477182659138520 -1.477182558589367
0.815815815815816 -1.479848178121822 -1.479880878036777 -1.479880777942472
0.816816816816817 -1.482547305950648 -1.482579897703285 -1.482579798064691
0.817817817817818 -1.485247245411831 -1.485279728344954 -1.485279629162937
0.818818818818819 -1.487948006699154 -1.487980380153985 -1.487980281429411
0.819819819819820 -1.490649599991767 -1.490681863307942 -1.490681765041679
0.820820820820821 -1.493352035454260 -1.493384187969830 -1.493384090162746
0.821821821821822 -1.496055323236736 -1.496087364288160 -1.496087266941124
0.822822822822823 -1.498759473474883 -1.498791402397029 -1.498791305510914
0.823823823823824 -1.501464496290045 -1.501496312416187 -1.501496215991867
0.824824824824825 -1.504170401789301 -1.504202104451114 -1.504202008489461
0.825825825825826 -1.506877200065526 -1.506908788593088 -1.506908693094981
0.826826826826827 -1.509584901197472 -1.509616374919258 -1.509616279885569
0.827827827827828 -1.512293515249837 -1.512324873492716 -1.512324778924327
0.828828828828829 -1.515003052273335 -1.515034294362571 -1.515034200260361
0.829829829829830 -1.517713522304768 -1.517744647564013 -1.517744553928862
0.830830830830831 -1.520424935367096 -1.520455943118393 -1.520455849951187
0.831831831831832 -1.523137301469512 -1.523168191033287 -1.523168098334906
0.832832832832833 -1.525850630607508 -1.525881401302569 -1.525881309073901
0.833833833833834 -1.528564932762945 -1.528595583906484 -1.528595492148415
0.834834834834835 -1.531280217904128 -1.531310748811713 -1.531310657525129
0.835835835835836 -1.533996495985872 -1.534026905971447 -1.534026815157239
0.836836836836837 -1.536713776949574 -1.536744065325455 -1.536743974984516
0.837837837837838 -1.539432070723282 -1.539462236800155 -1.539462146933377
0.838838838838839 -1.542151387221762 -1.542181430308683 -1.542181340916959
0.839839839839840 -1.544871736346572 -1.544901655750961 -1.544901566835185
0.840840840840841 -1.547593127986129 -1.547622923013767 -1.547622834574839
0.841841841841842 -1.550315572015774 -1.550345241970805 -1.550345154009623
0.842842842842843 -1.553039078297847 -1.553068622482773 -1.553068535000237
0.843843843843844 -1.555763656681753 -1.555793074397430 -1.555792987394442
0.844844844844845 -1.558489317004029 -1.558518607549666 -1.558518521027126
0.845845845845846 -1.561216069088413 -1.561245231761570 -1.561245145720384
0.846846846846847 -1.563943922745913 -1.563972956842496 -1.563972871283573
0.847847847847848 -1.566672887774873 -1.566701792589136 -1.566701707513380
0.848848848848849 -1.569402973961042 -1.569431748785579 -1.569431664193901
0.849849849849850 -1.572134191077641 -1.572162835203387 -1.572162751096696
0.850850850850851 -1.574866548885430 -1.574895061601657 -1.574894977980866
0.851851851851852 -1.577600057132774 -1.577628437727090 -1.577628354593113
0.852852852852853 -1.580334725555712 -1.580362973314057 -1.580362890667807
0.853853853853854 -1.583070563878022 -1.583098678084665 -1.583098595927063
0.854854854854855 -1.585807581811287 -1.585835561748828 -1.585835480080790
0.855855855855856 -1.588545789054964 -1.588573634004325 -1.588573552826773
0.856856856856857 -1.591285195296449 -1.591312904536874 -1.591312823850728
0.857857857857858 -1.594025810211139 -1.594053383020193 -1.594053302826376
0.858858858858859 -1.596767643462505 -1.596795079116070 -1.596794999415507
0.859859859859860 -1.599510704702151 -1.599538002474423 -1.599537923268042
0.860860860860861 -1.602255003569882 -1.602282162733370 -1.602282084022100
0.861861861861862 -1.605000549693770 -1.605027569519293 -1.605027491304063
0.862862862862863 -1.607747352690220 -1.607774232446902 -1.607774154728641
0.863863863863864 -1.610495422164028 -1.610522161119301 -1.610522083898945
0.864864864864865 -1.613244767708456 -1.613271365128051 -1.613271288406535
0.865865865865866 -1.615995398905290 -1.616021854053239 -1.616021777831499
0.866866866866867 -1.618747325324903 -1.618773637463534 -1.618773561742508
0.867867867867868 -1.621500556526324 -1.621526724916260 -1.621526649696885
0.868868868868869 -1.624255102057300 -1.624281125957455 -1.624281051240676
0.869869869869870 -1.627010971454357 -1.627036850121937 -1.627036775908696
0.870870870870871 -1.629768174242871 -1.629793906933364 -1.629793833224607
0.871871871871872 -1.632526719937121 -1.632552305904302 -1.632552232700976
0.872872872872873 -1.635286618040361 -1.635312056536286 -1.635311983839337
0.873873873873874 -1.638047878044881 -1.638073168319885 -1.638073096130264
0.874874874874875 -1.640810509432065 -1.640835650734760 -1.640835579053419
0.875875875875876 -1.643574521672463 -1.643599513249733 -1.643599442077626
0.876876876876877 -1.646339924225844 -1.646364765322846 -1.646364694660927
0.877877877877878 -1.649106726541265 -1.649131416401424 -1.649131346250649
0.878878878878879 -1.651874938057131 -1.651899475922137 -1.651899406283466
0.879879879879880 -1.654644568201256 -1.654668953311064 -1.654668884185458
0.880880880880881 -1.657415626390927 -1.657439857983752 -1.657439789372174
0.881881881881882 -1.660188122032965 -1.660212199345281 -1.660212131248695
0.882882882882883 -1.662962064523786 -1.662985986790323 -1.662985919209691
0.883883883883884 -1.665737463249465 -1.665761229703203 -1.665761162639498
0.884884884884885 -1.668514327585791 -1.668537937457965 -1.668537870912154
0.885885885885886 -1.671292666898337 -1.671316119418427 -1.671316053391479
0.886886886886887 -1.674072490542513 -1.674095784938246 -1.674095719431137
0.887887887887888 -1.676853807863631 -1.676876943360976 -1.676876878374682
0.888888888888889 -1.679636628196966 -1.679659604020133 -1.679659539555629
0.889889889889890 -1.682420960867814 -1.682443776239249 -1.682443712297514
0.890890890890891 -1.685206815191555 -1.685229469331938 -1.685229405913952
0.891891891891892 -1.687994200473709 -1.688016692601955 -1.688016629708701
0.892892892892893 -1.690783126010000 -1.690805455343253 -1.690805392975716
0.893893893893894 -1.693573601086416 -1.693595766840047 -1.693595704999213
0.894894894894895 -1.696365634979264 -1.696387636366868 -1.696387575053725
0.895895895895896 -1.699159236955236 -1.699181073188629 -1.699181012404165
0.896896896896897 -1.701954416271462 -1.701976086560682 -1.701976026305889
0.897897897897898 -1.704751182175573 -1.704772685728874 -1.704772626004748
0.898898898898899 -1.707549543905762 -1.707570879929611 -1.707570820737146
0.899899899899900 -1.710349510690835 -1.710370678389911 -1.710370619730106
0.900900900900901 -1.713151091750280 -1.713172090327471 -1.713172032201321
0.901901901901902 -1.715954296294318 -1.715975124950717 -1.715975067359226
0.902902902902903 -1.718759133523962 -1.718779791458868 -1.718779734403040
0.903903903903904 -1.721565612631081 -1.721586099041993 -1.721586042522830
0.904904904904905 -1.724373742798452 -1.724394056881066 -1.724394000899580
0.905905905905906 -1.727183533199820 -1.727203674148028 -1.727203618705224
0.906906906906907 -1.729994992999956 -1.730014960005845 -1.730014905102736
0.907907907907908 -1.732808131354715 -1.732827923608562 -1.732827869246161
0.908908908908909 -1.735622957411095 -1.735642574101363 -1.735642520280681
0.909909909909910 -1.738439480307289 -1.738458920620628 -1.738458867342688
0.910910910910911 -1.741257709172748 -1.741276972293989 -1.741276919559806
0.911911911911912 -1.744077653128235 -1.744096738240390 -1.744096686050986
0.912912912912913 -1.746899321285882 -1.746918227570141 -1.746918175926539
0.913913913913914 -1.749722722749250 -1.749741449384976 -1.749741398288199
0.914914914914915 -1.752547866613379 -1.752566412778109 -1.752566362229186
0.915915915915916 -1.755374761964853 -1.755393126834291 -1.755393076834249
0.916916916916917 -1.758203417881849 -1.758221600629866 -1.758221551179739
0.917917917917918 -1.761033843434197 -1.761051843232828 -1.761051794333648
0.918918918918919 -1.763866047683433 -1.763883863702875 -1.763883815355674
0.919919919919920 -1.766700039682859 -1.766717671091468 -1.766717623297287
0.920920920920921 -1.769535828477597 -1.769553274441885 -1.769553227201761
0.921921921921922 -1.772373423104642 -1.772390682789274 -1.772390636104249
0.922922922922923 -1.775212832592921 -1.775229905160713 -1.775229859031831
0.923923923923924 -1.778054065963347 -1.778070950575263 -1.778070905003566
0.924924924924925 -1.780897132228875 -1.780913828044024 -1.780913783030561
0.925925925925926 -1.783742040394553 -1.783758546570188 -1.783758502116009
0.926926926926927 -1.786588799457584 -1.786605115149096 -1.786605071255252
0.927927927927928 -1.789437418407373 -1.789453542768292 -1.789453499435838
0.928928928928929 -1.792287906225589 -1.792303838407579 -1.792303795637567
0.929929929929930 -1.795140271886212 -1.795156011039070 -1.795155968832560
0.930930930930931 -1.797994524355594 -1.798010069627245 -1.798010027985299
0.931931931931932 -1.800850672592509 -1.800866023129006 -1.800865982052681
0.932932932932933 -1.803708725548209 -1.803723880493729 -1.803723839984092
0.933933933933934 -1.806568692166477 -1.806583650663316 -1.806583610721435
0.934934934934935 -1.809430581383680 -1.809445342572255 -1.809445303199197
0.935935935935936 -1.812294402128825 -1.812308965147668 -1.812308926344504
0.936936936936937 -1.815160163323611 -1.815174527309366 -1.815174489077166
0.937937937937938 -1.818027873882480 -1.818042037969904 -1.818042000309746
0.938938938938939 -1.820897542712676 -1.820911506034633 -1.820911468947594
0.939939939939940 -1.823769178714293 -1.823782940401751 -1.823782903888910
0.940940940940941 -1.826642790780330 -1.826656349962361 -1.826656314024800
0.941941941941942 -1.829518387796744 -1.829531743600517 -1.829531708239316
0.942942942942943 -1.832395978642501 -1.832409130193284 -1.832409095409533
0.943943943943944 -1.835275572189630 -1.835288518610786 -1.835288484405571
0.944944944944945 -1.838157177303276 -1.838169917716258 -1.838169884090670
0.945945945945946 -1.841040802841750 -1.841053336366101 -1.841053303321232
0.946946946946947 -1.843926457656583 -1.843938783409932 -1.843938750946876
0.947947947947948 -1.846814150592580 -1.846826267690639 -1.846826235810494
0.948948948948949 -1.849703890487865 -1.849715798044427 -1.849715766748292
0.949949949949950 -1.852595686173940 -1.852607383300876 -1.852607352589852
0.950950950950951 -1.855489546475733 -1.855501032282990 -1.855501002158181
0.951951951951952 -1.858385480211652 -1.858396753807248 -1.858396724269757
0.952952952952953 -1.861283496193632 -1.861294556683656 -1.861294527734594
0.953953953953954 -1.864183603227191 -1.864194449715798 -1.864194421356276
0.954954954954955 -1.867085810111477 -1.867096441700888 -1.867096413932017
0.955955955955956 -1.869990125639324 -1.870000541429820 -1.870000514252715
0.956956956956957 -1.872896558597296 -1.872906757687217 -1.872906731102994
0.957957957957958 -1.875805117765744 -1.875815099251488 -1.875815073261269
0.958958958958959 -1.878715811918855 -1.878725574894871 -1.878725549499778
0.959959959959960 -1.881628649824700 -1.881638193383489 -1.881638168584644
0.960960960960961 -1.884543640245284 -1.884552963477396 -1.884552939275927
0.961961961961962 -1.887460791936604 -1.887469893930631 -1.887469870327663
0.962962962962963 -1.890380113648687 -1.890388993491267 -1.890388970487935
0.963963963963964 -1.893301614125650 -1.893310270901458 -1.893310248498895
0.964964964964965 -1.896225302105746 -1.896233734897495 -1.896233713096834
0.965965965965966 -1.899151186321413 -1.899159394209851 -1.899159373012232
0.966966966966967 -1.902079275499324 -1.902087257563228 -1.902087236969792
0.967967967967968 -1.905009578360438 -1.905017333676616 -1.905017313688506
0.968968968968969 -1.907942103620048 -1.907949631263333 -1.907949611881693
0.969969969969970 -1.910876859987831 -1.910884159031079 -1.910884140257054
0.970970970970971 -1.913813856167895 -1.913820925681982 -1.913820907516724
0.971971971971972 -1.916753100858831 -1.916759939912651 -1.916759922357313
0.972972972972973 -1.919694602753760 -1.919701210414222 -1.919701193469958
0.973973973973974 -1.922638370540384 -1.922644745872408 -1.922644729540376
0.974974974974975 -1.925584412901031 -1.925590554967547 -1.925590539248902
0.975975975975976 -1.928532738512705 -1.928538646374649 -1.928538631270556
0.976976976976977 -1.931483356047138 -1.931489028763450 -1.931489014275073
0.977977977977978 -1.934436274170831 -1.934441710798451 -1.934441696926957
0.978978978978979 -1.937391501545109 -1.937396701138977 -1.937396687885535
0.979979979979980 -1.940349046826167 -1.940354008439215 -1.940353995804993
0.980980980980981 -1.943308918665114 -1.943313641348270 -1.943313629334445
0.981981981981982 -1.946271125708027 -1.946275608510207 -1.946275597117955
0.982982982982983 -1.949235676595995 -1.949239918564102 -1.949239907794599
0.983983983983984 -1.952202579965167 -1.952206580144088 -1.952206569998522
0.984984984984985 -1.955171844446801 -1.955175601879404 -1.955175592358952
0.985985985985986 -1.958143478667309 -1.958146992394441 -1.958146983500293
0.986986986986987 -1.961117491248305 -1.961120760308790 -1.961120752042133
0.987987987987988 -1.964093890806655 -1.964096914237288 -1.964096906599310
0.988988988988989 -1.967072685954520 -1.967075462790066 -1.967075455781967
0.989989989989990 -1.970053885299404 -1.970056414572596 -1.970056408195566
0.990990990990991 -1.973037497444203 -1.973039778185738 -1.973039772440978
0.991991991991992 -1.976023530987247 -1.976025562225784 -1.976025557114494
0.992992992992993 -1.979011994522354 -1.979013775284509 -1.979013770807892
0.993993993993994 -1.982002896638867 -1.982004425949215 -1.982004422108478
0.994994994994995 -1.984996245921710 -1.984997522802777 -1.984997519599128
0.995995995995996 -1.987992050951425 -1.987993074423688 -1.987993071858338
0.996996996996997 -1.990990320304227 -1.990991089386110 -1.990991087460273
0.997997997997998 -1.993991062552043 -1.993991576259916 -1.993991574974805
0.998998998998999 -1.996994286262563 -1.996994543610734 -1.996994542967571
1.000000000000000 -1.999999999999280 -2.000000000000000 -2.000000000000005
