 2.000000000000000	2.000000000000000	2.000000000000000	2.000000000000000
 1.989989989989990	1.990000891892695	1.989995468330603	1.989995313129262
 1.979990991992994	1.980014533806846	1.980002822293506	1.980002515778233
 1.970004873798467	1.970042745797028	1.970023905751285	1.970023451825575
 1.960033475102979	1.960087319533325	1.960060534321766	1.960059936902239
 1.950078607167925	1.950150017999901	1.950114495056347	1.950113758069997
 1.940142052496529	1.940232575212338	1.940187546137370	1.940186673518704
 1.930225564530017	1.930336695953612	1.930281416594384	1.930280412282667
 1.920330867362844	1.920464055528527	1.920397806039179	1.920396673975783
 1.910459655476832	1.910616299536471	1.910538384419438	1.910537128545100
 1.900613593494073	1.900795043662313	1.900704791790841	1.900703416043116
 1.890794315948440	1.891001873485253	1.890898638107460	1.890897146418097
 1.881003427075539	1.881238344305452	1.881121503030255	1.881119899322680
 1.871242500620919	1.871505980988224	1.871374935753498	1.871373223940396
 1.861513079666357	1.861806277825601	1.861660454848910	1.861658638829736
 1.851816676474024	1.852140698415038	1.851979548127316	1.851977631786002
 1.842154772348314	1.842510675555052	1.842333672517597	1.842331659720194
 1.832528817515139	1.832917611157552	1.832724253962727	1.832722148555147
 1.822940231018454	1.823362876176630	1.823152687332646	1.823150493138519
 1.813390400633784	1.813847810553559	1.813620336353749	1.813618057172214
 1.803880682798527	1.804373723177762	1.804128533554738	1.804126173158428
 1.794412402558764	1.794941891863478	1.794678580228586	1.794676142361555
 1.784986853532349	1.785553563341874	1.785271746410355	1.785269234786115
 1.775605297888008	1.776209953268329	1.775909270870605	1.775906689170270
 1.766268966340175	1.766912246244618	1.766592361124127	1.766589712994503
 1.756979058159311	1.757661595855715	1.757322193453716	1.757319482505584
 1.747736741197418	1.748459124720935	1.748099912948714	1.748097142755059
 1.738543151928466	1.739305924559121	1.738926633558033	1.738923807652387
 1.729399395503452	1.730203056267595	1.729803438157367	1.729800560032252
 1.720306545819796	1.721151550014564	1.720731378630303	1.720728451735635
 1.711265645604778	1.712152405344697	1.711711475963029	1.711708503704704
 1.702277706512716	1.703206591297557	1.702744720352348	1.702741706090781
 1.693343709235583	1.694315046538595	1.693832071326674	1.693829018375454
 1.684464603626757	1.685478679502385	1.684974457879731	1.684971369504367
 1.675641308837588	1.676698368547815	1.676172778616611	1.676169658033255
 1.666874713466481	1.667974962124888	1.667427901911915	1.667424752286245
 1.658165675720163	1.659309278952857	1.658740666079632	1.658737490525710
 1.649515023586835	1.650702108209347	1.650111879554460	1.650108681133688
 1.640923555020872	1.642154209730174	1.641542321084237	1.641539102804412
 1.632392038138765	1.633666314219530	1.633032739933180	1.633029504747520
 1.623921211425976	1.625239123470216	1.624583856095595	1.624580606901923
 1.615511783954376	1.616873310593624	1.616196360519745	1.616193100159654
 1.607164435609957	1.608569520259123	1.607870915341564	1.607867646599666
 1.598879817330481	1.600328368942558	1.599608154127875	1.599604879731151
 1.590658551352745	1.592150445183525	1.591408682128814	1.591405404745939
 1.582501231469136	1.584036309851121	1.583273076539121	1.583269798779935
 1.574408423293155	1.575986496417844	1.575201886767990	1.575198611182950
 1.566380664533585	1.568001511241334	1.567195634717154	1.567192363796869
 1.558418465276969	1.560081833853635	1.559254815066886	1.559251551241746
 1.550522308278092	1.552227917257682	1.551379895569597	1.551376641209374
 1.542692649258136	1.544440188230678	1.543571317350724	1.543568074764317
 1.534929917210188	1.536719047634083	1.535829495216583	1.535826266651739
 1.527234514711783	1.529064870729884	1.528154817968887	1.528151605611999
 1.519606818244172	1.521478007502856	1.520547648725601	1.520544454701598
 1.512047178517988	1.513958782988509	1.513008325247849	1.513005151620053
 1.504555920805012	1.506507497606425	1.505537160272546	1.505534009042668
 1.497133345275716	1.499124427498683	1.498134441850471	1.498131314958576
 1.489779727342287	1.491809824873085	1.490800433689466	1.490797333014016
 1.482495318006815	1.484563918350896	1.483535375502468	1.483532302860444
 1.475280344214358	1.477386913318798	1.476339483360090	1.476336440507084
 1.468135009210577	1.470278992284795	1.469212950047444	1.469209938677877
 1.461059492903640	1.463240315237771	1.462155945424931	1.462152967172239
 1.454053952230118	1.456271020010433	1.455168616792710	1.455165673229605
 1.447118521524573	1.449371222645372	1.448251089258561	1.448248181897360
 1.440253312892555	1.442541017763961	1.441403466108880	1.441400596401801
 1.433458416586739	1.435780478937837	1.434625829182510	1.434622998522087
 1.426733901385904	1.429089659062703	1.427918239247167	1.427915448966633
 1.420079814976497	1.422468590734193	1.421280736378179	1.421277987751910
 1.413496184336516	1.415917286625545	1.414713340339274	1.414710634583299
 1.406983016121431	1.409435739866848	1.408216050965183	1.408213389237659
 1.400540297051902	1.403023924425596	1.401788848545782	1.401786231947573
 1.394167994303024	1.396681795488345	1.395431694211546	1.395429123786774
 1.387866055894860	1.390409289843200	1.389144530320056	1.389142007056703
 1.381634411084006	1.384206326262935	1.382927280843341	1.382924805673904
 1.375472970755951	1.378072805888505	1.376779851755795	1.376777425557917
 1.369381627818003	1.372008612612737	1.370702131422476	1.370699755019658
 1.363360257592529	1.366013613463978	1.364693990987532	1.364691665149820
 1.357408718210308	1.360087658989499	1.358755284762550	1.358753010207268
 1.351526851003751	1.354230583638449	1.352885850614624	1.352883628007149
 1.345714480899797	1.348442206144147	1.347085510353910	1.347083340308418
 1.339971416812243	1.342722329905535	1.341354070120485	1.341351953200778
 1.334297452033328	1.337070743367590	1.335691320770310	1.335689257490606
 1.328692364624361	1.331487220400511	1.330097038260090	1.330095029085858
 1.323155917805185	1.325971520677505	1.324570984030857	1.324569029379682
 1.317687860342310	1.320523390050999	1.319112905390090	1.319111005632513
 1.312287926935500	1.315142560927094	1.313722535892190	1.313720691352609
 1.306955838602668	1.309828752638121	1.308399595717140	1.308397806674690
 1.301691303062867	1.304581671813109	1.303143792047188	1.303142058736637
 1.296494015117237	1.299401012746040	1.297954819441382	1.297953142054065
 1.291363657027728	1.294286457761718	1.292832360207800	1.292830738892532
 1.286299898893441	1.289237677579123	1.287776084773336	1.287774519637342
 1.281302399024439	1.284254331672096	1.282785652050880	1.282784143160756
 1.276370804312868	1.279336068627240	1.277860709803755	1.277859257186397
 1.271504750601261	1.274482526498881	1.273000895007284	1.272999498650862
 1.266703863047867	1.269693333160995	1.268205834207335	1.268204494062242
 1.261967756488885	1.264968106655948	1.263475143875739	1.263473859855557
 1.257296035797473	1.260306455539966	1.258808430762448	1.258807202744933
 1.252688296239401	1.255707979225199	1.254205292244316	1.254204120072348
 1.248144123825241	1.251172268318286	1.249665316670396	1.249664200152973
 1.243663095658970	1.246698904955322	1.245188083703643	1.245187022616843
 1.239244780282886	1.242287463133126	1.240773164658920	1.240772158746875
 1.234888738018734	1.237937509036714	1.236420122837216	1.236419171813102
 1.230594521304932	1.233648601362902	1.232128513855981	1.232127617402968
 1.226361675029823	1.229420291639954	1.227897885975475	1.227897043747721
 1.222189736860842	1.225252124543179	1.223727780421080	1.223726992044684
 1.218078237569535	1.221143638206434	1.219617731701467	1.219616996775430
 1.214026701352340	1.217094364529444	1.215567267922554	1.215566586019756
 1.210034646147049	1.213103829480870	1.211575911097194	1.211575281765330
 1.206101583944899	1.209171553397085	1.207643177450511	1.207642600213056
 1.202227021098209	1.205297051276582	1.203768577720842	1.203768052077982
 1.198410458623513	1.201479833069973	1.199951617456208	1.199951142885777
 1.194651392500124	1.197719403965523	1.196191797306280	1.196191373264700
 1.190949313964085	1.194015264670187	1.192488613309785	1.192488239232969
 1.187303709797453	1.190366911686091	1.188841557177297	1.188841232481579
 1.183714062612869	1.186773837582438	1.185250116569393	1.185249840652419
 1.180179851133385	1.183235531262799	1.181713775370123	1.181713547611744
 1.176700550467498	1.179751478227757	1.178232013955764	1.178231833718927
 1.173275632379371	1.176321160832885	1.174804309458832	1.174804176090446
 1.169904565554205	1.172944058542026	1.171430136027328	1.171430048859131
 1.166586815858739	1.169619648175872	1.168108965079189	1.168108923428596
 1.163321846596858	1.166347404155815	1.164840265551938	1.164840268722875
 1.160109118760295	1.163126798743050	1.161623504147504	1.161623551431246
 1.156948091274403	1.159957302272952	1.158458145572216	1.158458236248189
 1.153838221238998	1.156838383384684	1.155343652771946	1.155343786108542
 1.150778964164261	1.153769509246058	1.152279487162418	1.152279662417772
 1.147769774201691	1.150750145773645	1.149265108854658	1.149265325277425
 1.144810104370120	1.147779757848129	1.146299976875603	1.146300233705729
 1.141899406776774	1.144857809524921	1.143383549383868	1.143383845853324
 1.139037132833413	1.141983764240035	1.140515283880675	1.140515619214203
 1.136222733467522	1.139157085011243	1.137694637415960	1.137695010831786
 1.133455659328603	1.136377234634517	1.134921066789665	1.134921477500204
 1.130735360989551	1.133643675875784	1.132194028748239	1.132194475960790
 1.128061289143149	1.130955871657995	1.129512980176353	1.129513463093768
 1.125432894793689	1.128313285243557	1.126877378283861	1.126877896105212
 1.122849629443759	1.125715380412124	1.124286680788021	1.124287232709242
 1.120310945276193	1.123161621633789	1.121740346091013	1.121740931305528
 1.117816295331242	1.120651474237699	1.119237833452762	1.119238451152109
 1.115365133678960	1.118184404576128	1.116778603159119	1.116779252533540
 1.112956915586877	1.115759880184033	1.114362116685410	1.114362796924444
 1.110591097682947	1.113377369934129	1.111987836855401	1.111988547148447
 1.108267138113847	1.111036344187524	1.109655227995704	1.109655967532575
 1.105984496698638	1.108736274939940	1.107363756085676	1.107364524057144
 1.103742635077833	1.106476635963576	1.105112888902827	1.105113684501136
 1.101541016857919	1.104256902944633	1.102902096163800	1.102902918583182
 1.099379107751370	1.102076553616558	1.100730849660955	1.100731698098118
 1.097256375712196	1.099935067889045	1.098598623394597	1.098599497049200
 1.095172291067068	1.097831927972839	1.096504893700906	1.096505791776025
 1.093126326642085	1.095766618500387	1.094449139375594	1.094450061078164
 1.091117957885201	1.093738626642387	1.092430841793369	1.092431786334617
 1.089146662984395	1.091747442220279	1.090449485023217	1.090450451619078
 1.087211922981603	1.089792557814733	1.088504555939588	1.088505543811102
 1.085313221882497	1.087873468870178	1.086595544329509	1.086596552703214
 1.083450046762131	1.085989673795427	1.084721942995696	1.084722971103995
 1.081621887866539	1.084140674060459	1.082883247855712	1.082884294937226
 1.079828238710313	1.082325974289389	1.081078958037213	1.081080023337132
 1.078068596170240	1.080545082349707	1.079308575969365	1.079309658739766
 1.076342460575044	1.078797509437822	1.077571607470458	1.077572706970628
 1.074649335791286	1.077082770160972	1.075867561831795	1.075868677328522
 1.072988729305494	1.075400382615556	1.074195951897900	1.074197082665764
 1.071360152302572	1.073749868461956	1.072556294143115	1.072557439464759
 1.069763119740550	1.072130752995874	1.070948108744634	1.070949267911020
 1.068197150421743	1.070542565216291	1.069370919652035	1.069372091962692
 1.066661767060362	1.068984837890049	1.067824254653376	1.067825439416630
 1.065156496346659	1.067457107613172	1.066307645437906	1.066308841971099
 1.063680869007656	1.065958914868930	1.064820627655462	1.064821835285162
 1.062234419864521	1.064489804082756	1.063362740972599	1.063363959034787
 1.060816687886657	1.063049323674027	1.061933529125521	1.061934756965780
 1.059427216242562	1.061637026104814	1.060532539969882	1.060533776943560
 1.058065552347522	1.060252467925617	1.059159325527498	1.059160570999868
 1.056731247908216	1.058895209818185	1.057813442030050	1.057814695376458
 1.055423858964262	1.057564816635447	1.056494449959831	1.056495710565825
 1.054142945926806	1.056260857438632	1.055201914087593	1.055203181349054
 1.052888073614188	1.054982905531640	1.053935403507572	1.053936676830820
 1.051658811284762	1.053730538492702	1.052694491669732	1.052695770471628
 1.050454732666928	1.052503338203417	1.051478756409298	1.051480040117339
 1.049275415986440	1.051300890875204	1.050287779973647	1.050289068026042
 1.048120443991048	1.050122787073231	1.049121149046602	1.049122440892348
 1.046989403972550	1.048968621737894	1.047978454770196	1.047979749869136
 1.045881887786296	1.047837994203881	1.046859292763977	1.046860590586851
 1.044797491868219	1.046730508216901	1.045763263141890	1.045764563170380
 1.043735817249454	1.045645771948123	1.044689970526820	1.044691272253580
 1.042696469568599	1.044583398006385	1.043639024062839	1.043640326991524
 1.041679059081687	1.043543003448232	1.042610037425224	1.042611341070502
 1.040683200669920	1.042524209785838	1.041602628828300	1.041603932715862
 1.039708513845234	1.041526642992868	1.040616421031167	1.040617724697726
 1.038754622753748	1.040549933508339	1.039651041341373	1.039652344334655
 1.037821156177160	1.039593716238529	1.038706121616578	1.038707423495309
 1.036907747532139	1.038657630556996	1.037781298264284	1.037782598598166
 1.036014034867791	1.037741320302752	1.036876212239670	1.036877510609347
 1.035139660861228	1.036844433776657	1.035990509041590	1.035991805038618
 1.034284272811326	1.035966623736079	1.035123838706804	1.035125131933603
 1.033447522630699	1.035107547387871	1.034275855802476	1.034277145872280
 1.032629066835974	1.034266866379723	1.033446219417000	1.033447505953805
 1.031828566536395	1.033444246789934	1.032634593149220	1.032635875787718
 1.031045687420827	1.032639359115664	1.031840645096072	1.031841923481586
 1.030280099743210	1.031851878259700	1.031064047838720	1.031065321627128
 1.029531478306507	1.031081483515807	1.030304478427226	1.030305747284888
 1.028799502445216	1.030327858552692	1.029561618363812	1.029562881967480
 1.028083856006470	1.029590691396643	1.028835153584753	1.028836411621490
 1.027384227329813	1.028869674412880	1.028124774440966	1.028126026608049
 1.026700309225659	1.028164504285682	1.027430175677324	1.027431421682147
 1.026031798952519	1.027474881997311	1.026751056410759	1.026752295970735
 1.025378398193025	1.026800512805799	1.026087120107188	1.026088352949643
 1.024739813028804	1.026141106221633	1.025438074557324	1.025439300419384
 1.024115753914246	1.025496375983386	1.024803631851393	1.024804850479879
 1.023505935649220	1.024866040032330	1.024183508352831	1.024184719504137
 1.022910077350768	1.024249820486087	1.023577424670974	1.023578628110955
 1.022327902423841	1.023647443611342	1.022985105632817	1.022986301136658
 1.021759138531103	1.023058639795671	1.022406280253848	1.022407467605948
 1.021203517561855	1.022483143518527	1.021840681708032	1.021841860701872
 1.020660775600120	1.021920693321407	1.021288047296962	1.021289217734979
 1.020130652891930	1.021371031777255	1.020748118418231	1.020749280111683
 1.019612893811849	1.020833905459137	1.020220640533054	1.020221793301888
 1.019107246828787	1.020309064908208	1.019705363133185	1.019706506805900
 1.018613464471122	1.019796264601037	1.019202039707167	1.019203174120678
 1.018131303291188	1.019295262916293	1.018710427705944	1.018711552705443
 1.017660523829157	1.018805822100855	1.018230288507881	1.018231403946696
 1.017200890576346	1.018327708235362	1.017761387383221	1.017762493122672
 1.016752171938000	1.017860691199243	1.017303493458009	1.017304589367270
 1.016314140195568	1.017404544635259	1.016856379677536	1.016857465633486
 1.015886571468519	1.016959045913587	1.016419822769306	1.016420898656388
 1.015469245675722	1.016523976095487	1.015993603205585	1.015994668915659
 1.015061946496433	1.016099119896561	1.015577505165551	1.015578560597748
 1.014664461330907	1.015684265649656	1.015171316497074	1.015172361557650
 1.014276581260677	1.015279205267433	1.014774828678162	1.014775863280351
 1.013898101008525	1.014883734204615	1.014387836778096	1.014388860841962
 1.013528818898174	1.014497651419972	1.014010139418289	1.014011152870583
 1.013168536813729	1.014120759338036	1.013641538732892	1.013642541506898
 1.012817060158901	1.013752863810602	1.013281840329171	1.013282832364566
 1.012474197816028	1.013393774078015	1.012930853247691	1.012931834490393
 1.012139762104935	1.013043302730286	1.012588389922320	1.012589360324346
 1.011813568741643	1.012701265668056	1.012254266140090	1.012255225659408
 1.011495436796966	1.012367482063424	1.011928301000928	1.011929249601311
 1.011185188655005	1.012041774320669	1.011610316877289	1.011611254528171
 1.010882649971577	1.011723968036890	1.011300139373706	1.011301066050039
 1.010587649632592	1.011413891962577	1.010997597286286	1.010998512968395
 1.010300019712399	1.011111377962140	1.010702522562170	1.010703427235612
 1.010019595432136	1.010816260974418	1.010414750258973	1.010415643914395
 1.009746215118077	1.010528378973174	1.010134118504234	1.010135001137233
 1.009479720160031	1.010247572927615	1.009860468454888	1.009861340065870
 1.009219954969781	1.009973686762942	1.009593644256776	1.009594504850822
 1.008966766939602	1.009706567320943	1.009333493004227	1.009334342590950
 1.008720006400861	1.009446064320663	1.009079864699699	1.009080703293117
 1.008479526582730	1.009192030319154	1.008832612213538	1.008833439831929
 1.008245183571021	1.008944320672322	1.008591591243823	1.008592407909602
 1.008016836267155	1.008702793495891	1.008356660276360	1.008357466015941
 1.007794346347288	1.008467309626495	1.008127680544799	1.008128475388470
 1.007577578221610	1.008237732582917	1.007904515990921	1.007905299972711
 1.007366398993821	1.008013928527482	1.007687033225085	1.007687806382640
 1.007160678420806	1.007795766227616	1.007475101486860	1.007475863861318
 1.006960288872522	1.007583117017601	1.007268592605859	1.007269344241726
 1.006765105292105	1.007375854760507	1.007067380962773	1.007068121907802
 1.006575005156209	1.007173855810345	1.006871343450629	1.006872073755697
 1.006389868435598	1.006976998974429	1.006680359436277	1.006681079155270
 1.006209577555986	1.006785165475971	1.006494310722123	1.006495019911820
 1.006034017359152	1.006598238916907	1.006313081508108	1.006313780228064
 1.005863075064324	1.006416105240979	1.006136558353955	1.006137246666387
 1.005696640229857	1.006238652697067	1.005964630141679	1.005965308111360
 1.005534604715199	1.006065771802790	1.005797188038389	1.005797855732534
 1.005376862643170	1.005897355308380	1.005634125459364	1.005634782947527
 1.005223310362540	1.005733298160837	1.005475338031438	1.005475985385404
 1.005073846410941	1.005573497468372	1.005320723556682	1.005321360850365
 1.004928371478095	1.005417852465150	1.005170181976398	1.005170809285737
 1.004786788369377	1.005266264476332	1.005023615335430	1.005024232738294
 1.004649001969725	1.005118636883428	1.004880927746802	1.004881535322889
 1.004514919207883	1.004974875089963	1.004742025356683	1.004742623187426
 1.004384449021007	1.004834886487467	1.004606816309689	1.004607404478161
 1.004257502319619	1.004698580421784	1.004475210714523	1.004475789305347
 1.004133991952927	1.004565868159722	1.004347120609963	1.004347689709222
 1.004013832674510	1.004436662856028	1.004222459931201	1.004223019626350
 1.003896941108368	1.004310879520706	1.004101144476531	1.004101694856310
 1.003783235715348	1.004188434986679	1.003983091874399	1.003983633028751
 1.003672636759950	1.004069247877796	1.003868221550811	1.003868753570801
 1.003565066277506	1.003953238577188	1.003756454697112	1.003756977674842
 1.003460448041748	1.003840329195978	1.003647714238119	1.003648228266658
 1.003358707532755	1.003730443542348	1.003541924800641	1.003542429973940
 1.003259771905288	1.003623507090956	1.003439012682353	1.003439509095179
 1.003163569957521	1.003519446952724	1.003338905821060	1.003339393568916
 1.003070032100150	1.003418191844976	1.003241533764323	1.003242012943385
 1.002979090325905	1.003319672061947	1.003146827639473	1.003147298346517
 1.002890678179449	1.003223819445656	1.003054720123998	1.003055182456331
 1.002804730727668	1.003130567357135	1.002965145416305	1.002965599471706
 1.002721184530363	1.003039850648039	1.002878039206872	1.002878485083526
 1.002639977611333	1.002951605632608	1.002793338649772	1.002793776446209
 1.002561049429846	1.002865770060010	1.002710982334582	1.002711412149615
 1.002484340852514	1.002782283087040	1.002630910258670	1.002631332191342
 1.002409794125559	1.002701085251194	1.002553063799865	1.002553477949389
 1.002337352847467	1.002622118444105	1.002477385689503	1.002477792155211
 1.002266961942045	1.002545325885351	1.002403819985860	1.002404218867146
 1.002198567631859	1.002470652096626	1.002332312047955	1.002332703444229
 1.002132117412072	1.002398042876276	1.002262808509739	1.002263192520374
 1.002067560024664	1.002327445274202	1.002195257254652	1.002195633978939
 1.002004845433046	1.002258807567126	1.002129607390566	1.002129976927666
 1.001943924797057	1.002192079234217	1.002065809225094	1.002066171673995
 1.001884750448345	1.002127210933082	1.002003814241277	1.002004169700749
 1.001827275866137	1.002064154476114	1.001943575073635	1.001943923642192
 1.001771455653379	1.002002862807196	1.001885045484594	1.001885387260452
 1.001717245513264	1.001943289978768	1.001828180341282	1.001828515422320
 1.001664602226133	1.001885391129238	1.001772935592678	1.001773264076402
 1.001613483626749	1.001829122460755	1.001719268247137	1.001719590230646
 1.001563848581942	1.001774441217324	1.001667136350268	1.001667451930217
 1.001515656968626	1.001721305663277	1.001616498963174	1.001616808235744
 1.001468869652177	1.001669675062081	1.001567316141042	1.001567619201907
 1.001423448465179	1.001619509655491	1.001519548912095	1.001519845856393
 1.001379356186524	1.001570770643054	1.001473159256883	1.001473450179188
 1.001336556520877	1.001523420161931	1.001428110087932	1.001428395082224
 1.001295014078488	1.001477421267074	1.001384365229729	1.001384644389369
 1.001254694355358	1.001432737911722	1.001341889399054	1.001342162816761
 1.001215563713752	1.001389334928232	1.001300648185646	1.001300915953472
 1.001177589363055	1.001347178009235	1.001260608033208	1.001260870242515
 1.001140739340973	1.001306233689119	1.001221736220745	1.001221992962184
 1.001104982495062	1.001266469325826	1.001184000844223	1.001184252207713
 1.001070288464602	1.001227853082971	1.001147370798563	1.001147616873274
 1.001036627662796	1.001190353912278	1.001111815759952	1.001112056634285
 1.001003971259291	1.001153941536316	1.001077306168473	1.001077541930044
 1.000972291163032	1.001118586431557	1.001043813211052	1.001044043946675
 1.000941560005425	1.001084259811728	1.001011308804716	1.001011534600388
 1.000911751123824	1.001050933611469	1.000979765580158	1.000979986521047
 1.000882838545325	1.001018580470284	1.000949156865609	1.000949373036037
 1.000854796970866	1.000987173716796	1.000919456671008	1.000919668154444
 1.000827601759638	1.000956687353280	1.000890639672473	1.000890846551518
 1.000801228913792	1.000927096040494	1.000862681197067	1.000862883553443
 1.000775655063441	1.000898375082789	1.000835557207843	1.000835755122387
 1.000750857451956	1.000870500413500	1.000809244289193	1.000809437841846
 1.000726813921555	1.000843448580615	1.000783719632466	1.000783908902265
 1.000703502899168	1.000817196732715	1.000758961021871	1.000759146086941
 1.000680903382593	1.000791722605188	1.000734946820651	1.000735127758202
 1.000658994926919	1.000767004506704	1.000711655957539	1.000711832843856
 1.000637757631229	1.000743021305958	1.000689067913465	1.000689240823908
 1.000617172125573	1.000719752418670	1.000667162708546	1.000667331717540
 1.000597219558197	1.000697177794836	1.000645920889321	1.000646086070357
 1.000577881583046	1.000675277906240	1.000625323516249	1.000625484941879
 1.000559140347514	1.000654033734209	1.000605352151467	1.000605509893302
 1.000540978480456	1.000633426757610	1.000585988846779	1.000586142975488
 1.000523379080441	1.000613438941096	1.000567216131912	1.000567366717218
 1.000506325704259	1.000594052723583	1.000549017002996	1.000549164113681
 1.000489802355665	1.000575251006965	1.000531374911295	1.000531518615194
 1.000473793474361	1.000557017145058	1.000514273752164	1.000514414116168
 1.000458283925220	1.000539334932774	1.000497697854239	1.000497834944299
 1.000443258987728	1.000522188595512	1.000481631968861	1.000481765849981
 1.000428704345664	1.000505562778778	1.000466061259708	1.000466191995957
 1.000414606076995	1.000489442538014	1.000450971292666	1.000451098947175
 1.000400950643999	1.000473813328646	1.000436348025902	1.000436472660867
 1.000387724883594	1.000458660996338	1.000422177800155	1.000422299476841
 1.000374915997887	1.000443971767453	1.000408447329237	1.000408566107982
 1.000362511544926	1.000429732239722	1.000395143690739	1.000395259630956
 1.000350499429660	1.000415929373103	1.000382254316939	1.000382367477122
 1.000338867895101	1.000402550480846	1.000369766985906	1.000369877423636
 1.000327605513676	1.000389583220745	1.000357669812805	1.000357777584753
 1.000316701178786	1.000377015586581	1.000345951241392	1.000346056403325
 1.000306144096544	1.000364835899756	1.000334600035695	1.000334702642480
 1.000295923777705	1.000353032801101	1.000323605271880	1.000323705377495
 1.000286030029782	1.000341595242872	1.000312956330306	1.000313053987840
 1.000276452949337	1.000330512480923	1.000302642887751	1.000302738149413
 1.000267182914453	1.000319774067045	1.000292654909813	1.000292747826940
 1.000258210577381	1.000309369841483	1.000282982643492	1.000283073266556
 1.000249526857350	1.000299289925620	1.000273616609932	1.000273704988544
 1.000241122933554	1.000289524714819	1.000264547597333	1.000264633780253
 1.000232990238297	1.000280064871436	1.000255766654025	1.000255850689170
 1.000225120450298	1.000270901317984	1.000247265081700	1.000247347016151
 1.000217505488161	1.000262025230455	1.000239034428808	1.000239114308817
 1.000210137503988	1.000253428031797	1.000231066484095	1.000231144355093
 1.000203008877156	1.000245101385534	1.000223353270300	1.000223429176907
 1.000196112208235	1.000237037189544	1.000215887037999	1.000215961024033
 1.000189440313051	1.000229227569968	1.000208660259593	1.000208732368074
 1.000182986216898	1.000221664875270	1.000201665623434	1.000201735896597
 1.000176743148886	1.000214341670435	1.000194896028099	1.000194964507402
 1.000170704536423	1.000207250731294	1.000188344576793	1.000188411302923
 1.000164863999836	1.000200385038993	1.000182004571885	1.000182069584771
 1.000159215347121	1.000193737774586	1.000175869509587	1.000175932848406
 1.000153752568826	1.000187302313761	1.000169933074742	1.000169994777930
 1.000148469833052	1.000181072221684	1.000164189135758	1.000164249241017
 1.000143361480584	1.000175041247974	1.000158631739650	1.000158690283959
 1.000138422020140	1.000169203321791	1.000153255107209	1.000153312126832
 1.000133646123739	1.000163552547051	1.000148053628290	1.000148109158787
 1.000129028622185	1.000158083197745	1.000143021857213	1.000143075933448
 1.000124564500663	1.000152789713381	1.000138154508279	1.000138207164430
 1.000120248894449	1.000147666694532	1.000133446451396	1.000133497720963
 1.000116077084720	1.000142708898494	1.000128892707813	1.000128942623627
 1.000112044494484	1.000137911235049	1.000124488445961	1.000124537040197
 1.000108146684598	1.000133268762334	1.000120228977398	1.000120276281581
 1.000104379349900	1.000128776682808	1.000116109752855	1.000116155797871
 1.000100738315433	1.000124430339323	1.000112126358383	1.000112171174486
 1.000097219532769	1.000120225211291	1.000108274511592	1.000108318128417
 1.000093819076424	1.000116156910944	1.000104550057995	1.000104592504565
 1.000090533140374	1.000112221179690	1.000100948967434	1.000100990272169
 1.000087358034649	1.000108413884561	1.000097467330603	1.000097507521331
 1.000084290182028	1.000104731014744	1.000094101355663	1.000094140459627
 1.000081326114813	1.000101168678212	1.000090847364935	1.000090885408804
 1.000078462471688	1.000097723098423	1.000087701791683	1.000087738801561
 1.000075695994663	1.000094390611120	1.000084661176984	1.000084697178418
 1.000073023526098	1.000091167661200	1.000081722166672	1.000081757184661
 1.000070442005803	1.000088050799669	1.000078881508363	1.000078915567370
 1.000067948468221	1.000085036680672	1.000076136048564	1.000076169172521
 1.000065540039679	1.000082122058602	1.000073482729847	1.000073514942166
 1.000063213935714	1.000079303785284	1.000070918588106	1.000070949911688
 1.000060967458478	1.000076578807223	1.000068440749883	1.000068471207124
 1.000058797994199	1.000073944162939	1.000066046429761	1.000066076042564
 1.000056703010726	1.000071396980358	1.000063732927832	1.000063761717616
 1.000054680055126	1.000068934474274	1.000061497627230	1.000061525614934
 1.000052726751357	1.000066553943884	1.000059337991727	1.000059365197824
 1.000050840797998	1.000064252770376	1.000057251563399	1.000057278007899
 1.000049019966044	1.000062028414593	1.000055235960344	1.000055261662809
 1.000047262096757	1.000059878414752	1.000053288874477	1.000053313854022
 1.000045565099585	1.000057800384219	1.000051408069368	1.000051432344675
 1.000043926950125	1.000055792009354	1.000049591378152	1.000049614967473
 1.000042345688156	1.000053851047404	1.000047836701485	1.000047859622653
 1.000040819415718	1.000051975324457	1.000046142005562	1.000046164275999
 1.000039346295241	1.000050162733449	1.000044505320186	1.000044526956911
 1.000037924547740	1.000048411232227	1.000042924736893	1.000042945756528
 1.000036552451045	1.000046718841656	1.000041398407125	1.000041418825903
 1.000035228338089	1.000045083643791	1.000039924540454	1.000039944374227
 1.000033950595245	1.000043503780084	1.000038501402855	1.000038520667102
 1.000032717660701	1.000041977449651	1.000037127315027	1.000037146024861
 1.000031528022893	1.000040502907579	1.000035800650763	1.000035818820937
 1.000030380218969	1.000039078463280	1.000034519835360	1.000034537480275
 1.000029272833313	1.000037702478895	1.000033283344075	1.000033300477789
 1.000028204496092	1.000036373367737	1.000032089700631	1.000032106336862
 1.000027173881860	1.000035089592777	1.000030937475751	1.000030953627886
 1.000026179708193	1.000033849665172	1.000029825285747	1.000029840966850
 1.000025220734369	1.000032652142840	1.000028751791139	1.000028767013955
 1.000024295760078	1.000031495629060	1.000027715695320	1.000027730472285
 1.000023403624180	1.000030378771128	1.000026715743255	1.000026730086497
 1.000022543203488	1.000029300259040	1.000025750720212	1.000025764641564
 1.000021713411593	1.000028258824211	1.000024819450544	1.000024832961544
 1.000020913197722	1.000027253238235	1.000023920796486	1.000023933908390
 1.000020141545629	1.000026282311680	1.000023053657006	1.000023066380786
 1.000019397472514	1.000025344892910	1.000022216966670	1.000022229313027
 1.000018680027982	1.000024439866947	1.000021409694557	1.000021421673924
 1.000017988293026	1.000023566154366	1.000020630843193	1.000020642465740
 1.000017321379040	1.000022722710212	1.000019879447521	1.000019890723161
 1.000016678426868	1.000021908522959	1.000019154573899	1.000019165512296
 1.000016058605871	1.000021122613492	1.000018455319130	1.000018465929702
 1.000015461113027	1.000020364034117	1.000017780809514	1.000017791101438
 1.000014885172063	1.000019631867609	1.000017130199937	1.000017140182157
 1.000014330032600	1.000018925226272	1.000016502672974	1.000016512354205
 1.000013794969333	1.000018243251040	1.000015897438035	1.000015906826765
 1.000013279281236	1.000017585110597	1.000015313730517	1.000015322835018
 1.000012782290785	1.000016950000519	1.000014750810995	1.000014759639325
 1.000012303343207	1.000016337142455	1.000014207964435	1.000014216524439
 1.000011841805755	1.000015745783312	1.000013684499420	1.000013692798743
 1.000011397066997	1.000015175194480	1.000013179747414	1.000013187793498
 1.000010968536138	1.000014624671073	1.000012693062036	1.000012700862129
 1.000010555642346	1.000014093531190	1.000012223818360	1.000012231379519
 1.000010157834120	1.000013581115201	1.000011771412237	1.000011778741334
 1.000009774578655	1.000013086785055	1.000011335259637	1.000011342363361
 1.000009405361244	1.000012609923606	1.000010914796006	1.000010921680868
 1.000009049684689	1.000012149933956	1.000010509475650	1.000010516147989
 1.000008707068729	1.000011706238827	1.000010118771131	1.000010125237116
 1.000008377049493	1.000011278279938	1.000009742172685	1.000009748438319
 1.000008059178966	1.000010865517416	1.000009379187654	1.000009385258780
 1.000007753024467	1.000010467429207	1.000009029339941	1.000009035222243
 1.000007458168150	1.000010083510522	1.000008692169475	1.000008697868485
 1.000007174206518	1.000009713273287	1.000008367231697	1.000008372752796
 1.000006900749949	1.000009356245616	1.000008054097059	1.000008059445483
 1.000006637422245	1.000009011971296	1.000007752350540	1.000007757531380
 1.000006383860182	1.000008680009288	1.000007461591175	1.000007466609385
 1.000006139713088	1.000008359933249	1.000007181431599	1.000007186291997
 1.000005904642425	1.000008051331057	1.000006911497610	1.000006916204879
 1.000005678321388	1.000007753804363	1.000006651427734	1.000006655986430
 1.000005460434515	1.000007466968146	1.000006400872814	1.000006405287368
 1.000005250677308	1.000007190450288	1.000006159495610	1.000006163770329
 1.000005048755873	1.000006923891160	1.000005926970405	1.000005931109476
 1.000004854386560	1.000006666943217	1.000005702982631	1.000005706990124
 1.000004667295626	1.000006419270616	1.000005487228502	1.000005491108375
 1.000004487218898	1.000006180548832	1.000005279414661	1.000005283170759
 1.000004313901458	1.000005950464294	1.000005079257833	1.000005082893894
 1.000004147097327	1.000005728714032	1.000004886484497	1.000004890004154
 1.000003986569168	1.000005515005332	1.000004700830563	1.000004704237346
 1.000003832087990	1.000005309055402	1.000004522041058	1.000004525338398
 1.000003683432874	1.000005110591053	1.000004349869826	1.000004353061054
 1.000003540390690	1.000004919348383	1.000004184079233	1.000004187167588
 1.000003402755841	1.000004735072472	1.000004024439888	1.000004027428514
 1.000003270330005	1.000004557517095	1.000003870730362	1.000003873622316
 1.000003142921886	1.000004386444429	1.000003722736929	1.000003725535179
 1.000003020346978	1.000004221624787	1.000003580253307	1.000003582960735
 1.000002902427330	1.000004062836341	1.000003443080404	1.000003445699810
 1.000002788991324	1.000003909864871	1.000003311026084	1.000003313560186
 1.000002679873460	1.000003762503509	1.000003183904930	1.000003186356368
 1.000002574914142	1.000003620552502	1.000003061538018	1.000003063909354
 1.000002473959480	1.000003483818972	1.000002943752697	1.000002946046422
 1.000002376861090	1.000003352116690	1.000002830382383	1.000002832600912
 1.000002283475907	1.000003225265855	1.000002721266348	1.000002723412026
 1.000002193666001	1.000003103092883	1.000002616249525	1.000002618324628
 1.000002107298398	1.000002985430197	1.000002515182314	1.000002517189053
 1.000002024244910	1.000002872116030	1.000002417920399	1.000002419860918
 1.000001944381971	1.000002762994227	1.000002324324567	1.000002326200948
 1.000001867590473	1.000002657914062	1.000002234260535	1.000002236074797
 1.000001793755612	1.000002556730053	1.000002147598781	1.000002149352883
 1.000001722766740	1.000002459301790	1.000002064214380	1.000002065910225
 1.000001654517218	1.000002365493760	1.000001983986851	1.000001985626283
 1.000001588904277	1.000002275175185	1.000001906800001	1.000001908384810
 1.000001525828884	1.000002188219864	1.000001832541779	1.000001834073701
 1.000001465195607	1.000002104506015	1.000001761104135	1.000001762584855
 1.000001406912493	1.000002023916129	1.000001692382880	1.000001693814030
 1.000001350890944	1.000001946336824	1.000001626277554	1.000001627660719
 1.000001297045598	1.000001871658706	1.000001562691297	1.000001564028015
 1.000001245294216	1.000001799776233	1.000001501530728	1.000001502822487
 1.000001195557573	1.000001730587585	1.000001442705817	1.000001443954063
 1.000001147759349	1.000001663994535	1.000001386129777	1.000001387335910
 1.000001101826028	1.000001599902330	1.000001331718945	1.000001332884324
 1.000001057686796	1.000001538219571	1.000001279392678	1.000001280518620
 1.000001015273450	1.000001478858098	1.000001229073246	1.000001230161026
 1.000000974520299	1.000001421732880	1.000001180685728	1.000001181736585
 1.000000935364080	1.000001366761907	1.000001134157919	1.000001135173051
 1.000000897743867	1.000001313866086	1.000001089420230	1.000001090400800
 1.000000861600991	1.000001262969142	1.000001046405601	1.000001047352735
 1.000000826878957	1.000001213997521	1.000001005049407	1.000001005964197
 1.000000793523368	1.000001166880296	1.000000965289378	1.000000966172881
 1.000000761481847	1.000001121549074	1.000000927065511	1.000000927918753
 1.000000730703967	1.000001077937913	1.000000890319995	1.000000891143970
 1.000000701141180	1.000001035983232	1.000000854997131	1.000000855792800
 1.000000672746750	1.000000995623736	1.000000821043256	1.000000821811551
 1.000000645475684	1.000000956800328	1.000000788406674	1.000000789148498
 1.000000619284675	1.000000919456039	1.000000757037585	1.000000757753813
 1.000000594132037	1.000000883535954	1.000000726888017	1.000000727579497
 1.000000569977645	1.000000848987136	1.000000697911763	1.000000698579314
 1.000000546782884	1.000000815758561	1.000000670064316	1.000000670708734
 1.000000524510588	1.000000783801049	1.000000643302810	1.000000643924864
 1.000000503124991	1.000000753067199	1.000000617585960	1.000000618186395
 1.000000482591674	1.000000723511332	1.000000592874008	1.000000593453546
 1.000000462877517	1.000000695089422	1.000000569128666	1.000000569688005
 1.000000443950653	1.000000667759044	1.000000546313064	1.000000546852881
 1.000000425780417	1.000000641479317	1.000000524391699	1.000000524912648
 1.000000408337309	1.000000616210848	1.000000503330387	1.000000503833102
 1.000000391592945	1.000000591915679	1.000000483096214	1.000000483581309
 1.000000375520020	1.000000568557240	1.000000463657492	1.000000464125560
 1.000000360092265	1.000000546100296	1.000000444983713	1.000000445435329
 1.000000345284414	1.000000524510901	1.000000427045508	1.000000427481228
 1.000000331072161	1.000000503756353	1.000000409814603	1.000000410234965
 1.000000317432128	1.000000483805148	1.000000393263783	1.000000393669309
 1.000000304341831	1.000000464626941	1.000000377366853	1.000000377758046
 1.000000291779644	1.000000446192502	1.000000362098598	1.000000362475945
 1.000000279724770	1.000000428473674	1.000000347434750	1.000000347798724
 1.000000268157210	1.000000411443341	1.000000333351952	1.000000333703009
 1.000000257057731	1.000000395075385	1.000000319827728	1.000000320166310
 1.000000246407840	1.000000379344653	1.000000306840447	1.000000307166979
 1.000000236189756	1.000000364226923	1.000000294369292	1.000000294684189
 1.000000226386381	1.000000349698868	1.000000282394235	1.000000282697896
 1.000000216981278	1.000000335738026	1.000000270896003	1.000000271188815
 1.000000207958645	1.000000322322770	1.000000259856052	1.000000260138388
 1.000000199303288	1.000000309432272	1.000000249256541	1.000000249528763
 1.000000191000603	1.000000297046484	1.000000239080307	1.000000239342764
 1.000000183036553	1.000000285146099	1.000000229310837	1.000000229563866
 1.000000175397643	1.000000273712533	1.000000219932245	1.000000220176174
 1.000000168070904	1.000000262727895	1.000000210929252	1.000000211164396
 1.000000161043868	1.000000252174959	1.000000202287158	1.000000202513823
 1.000000154304557	1.000000242037148	1.000000193991827	1.000000194210307
 1.000000147841457	1.000000232298502	1.000000186029660	1.000000186240240
 1.000000141643502	1.000000222943660	1.000000178387579	1.000000178590536
 1.000000135700061	1.000000213957838	1.000000171053007	1.000000171248607
 1.000000130000916	1.000000205326806	1.000000164013847	1.000000164202348
 1.000000124536252	1.000000197036869	1.000000157258469	1.000000157440119
 1.000000119296635	1.000000189074850	1.000000150775686	1.000000150950727
 1.000000114273005	1.000000181428065	1.000000144554745	1.000000144723407
 1.000000109456655	1.000000174084311	1.000000138585303	1.000000138747813
 1.000000104839222	1.000000167031845	1.000000132857417	1.000000133013991
 1.000000100412670	1.000000160259367	1.000000127361529	1.000000127512376
 1.000000096169282	1.000000153756006	1.000000122088448	1.000000122233771
 1.000000092101646	1.000000147511302	1.000000117029338	1.000000117169333
 1.000000088202639	1.000000141515192	1.000000112175707	1.000000112310563
 1.000000084465424	1.000000135757995	1.000000107519391	1.000000107649289
 1.000000080883432	1.000000130230398	1.000000103052541	1.000000103177659
 1.000000077450355	1.000000124923442	1.000000098767615	1.000000098888123
 1.000000074160135	1.000000119828511	1.000000094657363	1.000000094773425
 1.000000071006955	1.000000114937314	1.000000090714817	1.000000090826592
 1.000000067985230	1.000000110241880	1.000000086933281	1.000000087040921
 1.000000065089595	1.000000105734539	1.000000083306319	1.000000083409974
 1.000000062314901	1.000000101407919	1.000000079827748	1.000000079927559
 1.000000059656204	1.000000097254925	1.000000076491624	1.000000076587730
 1.000000057108757	1.000000093268738	1.000000073292238	1.000000073384772
 1.000000054668001	1.000000089442799	1.000000070224103	1.000000070313193
 1.000000052329563	1.000000085770801	1.000000067281947	1.000000067367718
 1.000000050089243	1.000000082246680	1.000000064460705	1.000000064543278
 1.000000047943010	1.000000078864604	1.000000061755513	1.000000061835002
 1.000000045886994	1.000000075618967	1.000000059161696	1.000000059238212
 1.000000043917481	1.000000072504379	1.000000056674762	1.000000056748414
 1.000000042030907	1.000000069515657	1.000000054290399	1.000000054361291
 1.000000040223851	1.000000066647820	1.000000052004463	1.000000052072695
 1.000000038493030	1.000000063896080	1.000000049812975	1.000000049878644
 1.000000036835294	1.000000061255831	1.000000047712112	1.000000047775310
 1.000000035247619	1.000000058722649	1.000000045698202	1.000000045759021
 1.000000033727105	1.000000056292280	1.000000043767719	1.000000043826246
 1.000000032270967	1.000000053960636	1.000000041917279	1.000000041973596
 1.000000030876536	1.000000051723788	1.000000040143628	1.000000040197817
 1.000000029541249	1.000000049577959	1.000000038443644	1.000000038495783
 1.000000028262647	1.000000047519519	1.000000036814330	1.000000036864494
 1.000000027038372	1.000000045544982	1.000000035252805	1.000000035301067
 1.000000025866162	1.000000043650995	1.000000033756306	1.000000033802736
 1.000000024743847	1.000000041834337	1.000000032322178	1.000000032366844
 1.000000023669344	1.000000040091914	1.000000030947874	1.000000030990840
 1.000000022640658	1.000000038420752	1.000000029630947	1.000000029672277
 1.000000021655873	1.000000036817995	1.000000028369049	1.000000028408803
 1.000000020713151	1.000000035280897	1.000000027159925	1.000000027198162
 1.000000019810732	1.000000033806820	1.000000026001413	1.000000026038187
 1.000000018946926	1.000000032393233	1.000000024891433	1.000000024926800
 1.000000018120113	1.000000031037699	1.000000023827993	1.000000023862005
 1.000000017328740	1.000000029737883	1.000000022809180	1.000000022841887
 1.000000016571316	1.000000028491536	1.000000021833156	1.000000021864608
 1.000000015846413	1.000000027296504	1.000000020898158	1.000000020928402
 1.000000015152662	1.000000026150712	1.000000020002497	1.000000020031576
 1.000000014488749	1.000000025052172	1.000000019144548	1.000000019172507
 1.000000013853416	1.000000023998972	1.000000018322754	1.000000018349635
 1.000000013245456	1.000000022989275	1.000000017535619	1.000000017561463
 1.000000012663711	1.000000022021320	1.000000016781711	1.000000016806556
 1.000000012107073	1.000000021093413	1.000000016059653	1.000000016083536
 1.000000011574478	1.000000020203928	1.000000015368125	1.000000015391083
 1.000000011064908	1.000000019351305	1.000000014705859	1.000000014727927
 1.000000010577385	1.000000018534044	1.000000014071642	1.000000014092853
 1.000000010110974	1.000000017750706	1.000000013464307	1.000000013484694
 1.000000009664777	1.000000016999910	1.000000012882736	1.000000012902330
 1.000000009237935	1.000000016280328	1.000000012325856	1.000000012344687
 1.000000008829623	1.000000015590687	1.000000011792639	1.000000011810736
 1.000000008439052	1.000000014929763	1.000000011282098	1.000000011299489
 1.000000008065465	1.000000014296384	1.000000010793285	1.000000010809997
 1.000000007708137	1.000000013689422	1.000000010325294	1.000000010341352
 1.000000007366374	1.000000013107796	1.000000009877253	1.000000009892682
 1.000000007039509	1.000000012550467	1.000000009448327	1.000000009463152
 1.000000006726905	1.000000012016439	1.000000009037716	1.000000009051960
 1.000000006427952	1.000000011504755	1.000000008644652	1.000000008658336
 1.000000006142063	1.000000011014497	1.000000008268399	1.000000008281545
 1.000000005868678	1.000000010544784	1.000000007908250	1.000000007920879
 1.000000005607261	1.000000010094771	1.000000007563529	1.000000007575660
 1.000000005357296	1.000000009663647	1.000000007233586	1.000000007245239
 1.000000005118290	1.000000009250631	1.000000006917800	1.000000006928992
 1.000000004889773	1.000000008854979	1.000000006615573	1.000000006626323
 1.000000004671291	1.000000008475971	1.000000006326334	1.000000006336659
 1.000000004462412	1.000000008112922	1.000000006049534	1.000000006059450
 1.000000004262721	1.000000007765170	1.000000005784649	1.000000005794172
 1.000000004071821	1.000000007432082	1.000000005531173	1.000000005540318
 1.000000003889332	1.000000007113051	1.000000005288625	1.000000005297407
 1.000000003714890	1.000000006807494	1.000000005056541	1.000000005064974
 1.000000003548146	1.000000006514852	1.000000004834478	1.000000004842576
 1.000000003388765	1.000000006234588	1.000000004622011	1.000000004629786
 1.000000003236430	1.000000005966189	1.000000004418732	1.000000004426197
 1.000000003090834	1.000000005709159	1.000000004224251	1.000000004231417
 1.000000002951683	1.000000005463027	1.000000004038193	1.000000004045073
 1.000000002818697	1.000000005227337	1.000000003860200	1.000000003866805
 1.000000002691608	1.000000005001655	1.000000003689929	1.000000003696269
 1.000000002570159	1.000000004785563	1.000000003527049	1.000000003533135
 1.000000002454103	1.000000004578660	1.000000003371246	1.000000003377088
 1.000000002343206	1.000000004380562	1.000000003222217	1.000000003227825
 1.000000002237241	1.000000004190901	1.000000003079674	1.000000003085056
 1.000000002135994	1.000000004009323	1.000000002943337	1.000000002948503
 1.000000002039257	1.000000003835490	1.000000002812943	1.000000002817900
 1.000000001946833	1.000000003669077	1.000000002688235	1.000000002692992
 1.000000001858533	1.000000003509772	1.000000002568970	1.000000002573536
 1.000000001774177	1.000000003357278	1.000000002454915	1.000000002459296
 1.000000001693590	1.000000003211307	1.000000002345846	1.000000002350050
 1.000000001616607	1.000000003071585	1.000000002241548	1.000000002245582
 1.000000001543070	1.000000002937850	1.000000002141817	1.000000002145687
 1.000000001472827	1.000000002809848	1.000000002046454	1.000000002050168
 1.000000001405733	1.000000002687339	1.000000001955273	1.000000001958836
 1.000000001341649	1.000000002570089	1.000000001868093	1.000000001871511
 1.000000001280442	1.000000002457878	1.000000001784741	1.000000001788020
 1.000000001221985	1.000000002350492	1.000000001705052	1.000000001708198
 1.000000001166157	1.000000002247727	1.000000001628868	1.000000001631885
 1.000000001112841	1.000000002149388	1.000000001556036	1.000000001558931
 1.000000001061926	1.000000002055287	1.000000001486412	1.000000001489189
 1.000000001013305	1.000000001965244	1.000000001419857	1.000000001422520
 1.000000000966878	1.000000001879086	1.000000001356238	1.000000001358792
 1.000000000922546	1.000000001796650	1.000000001295427	1.000000001297876
 1.000000000880217	1.000000001717777	1.000000001237302	1.000000001239650
 1.000000000839801	1.000000001642315	1.000000001181746	1.000000001183998
 1.000000000801213	1.000000001570120	1.000000001128648	1.000000001130808
 1.000000000764373	1.000000001501051	1.000000001077901	1.000000001079972
 1.000000000729201	1.000000001434976	1.000000001029402	1.000000001031388
 1.000000000695624	1.000000001371767	1.000000000983053	1.000000000984957
 1.000000000663571	1.000000001311302	1.000000000938761	1.000000000940586
 1.000000000632973	1.000000001253463	1.000000000896435	1.000000000898186
 1.000000000603766	1.000000001198138	1.000000000855990	1.000000000857668
 1.000000000575886	1.000000001145220	1.000000000817344	1.000000000818952
 1.000000000549276	1.000000001094606	1.000000000780417	1.000000000781958
 1.000000000523877	1.000000001046196	1.000000000745134	1.000000000746612
 1.000000000499636	1.000000000999896	1.000000000711423	1.000000000712840
 1.000000000476501	1.000000000955616	1.000000000679216	1.000000000680574
 1.000000000454421	1.000000000913269	1.000000000648446	1.000000000649747
 1.000000000433350	1.000000000872771	1.000000000619050	1.000000000620297
 1.000000000413243	1.000000000834044	1.000000000590967	1.000000000592163
 1.000000000394055	1.000000000797011	1.000000000564141	1.000000000565287
 1.000000000375745	1.000000000761599	1.000000000538515	1.000000000539613
 1.000000000358274	1.000000000727739	1.000000000514037	1.000000000515089
 1.000000000341604	1.000000000695362	1.000000000490655	1.000000000491664
 1.000000000325699	1.000000000664406	1.000000000468322	1.000000000469289
 1.000000000310524	1.000000000634808	1.000000000446992	1.000000000447918
 1.000000000296046	1.000000000606511	1.000000000426619	1.000000000427507
 1.000000000282234	1.000000000579457	1.000000000407163	1.000000000408013
 1.000000000269057	1.000000000553594	1.000000000388581	1.000000000389395
 1.000000000256487	1.000000000528869	1.000000000370835	1.000000000371615
 1.000000000244496	1.000000000505233	1.000000000353889	1.000000000354636
 1.000000000233057	1.000000000482638	1.000000000337706	1.000000000338422
 1.000000000222147	1.000000000461041	1.000000000322253	1.000000000322939
 1.000000000211740	1.000000000440396	1.000000000307498	1.000000000308155
 1.000000000201815	1.000000000420663	1.000000000293409	1.000000000294038
 1.000000000192348	1.000000000401803	1.000000000279957	1.000000000280560
 1.000000000183319	1.000000000383776	1.000000000267113	1.000000000267690
 1.000000000174708	1.000000000366547	1.000000000254850	1.000000000255403
 1.000000000166496	1.000000000350082	1.000000000243142	1.000000000243672
 1.000000000158665	1.000000000334346	1.000000000231966	1.000000000232473
 1.000000000151198	1.000000000319307	1.000000000221296	1.000000000221782
 1.000000000144077	1.000000000304937	1.000000000211110	1.000000000211575
 1.000000000137287	1.000000000291204	1.000000000201387	1.000000000201833
 1.000000000130812	1.000000000278081	1.000000000192105	1.000000000192532
 1.000000000124639	1.000000000265542	1.000000000183246	1.000000000183655
 1.000000000118754	1.000000000253561	1.000000000174790	1.000000000175181
 1.000000000113142	1.000000000242113	1.000000000166719	1.000000000167094
 1.000000000107793	1.000000000231175	1.000000000159015	1.000000000159374
 1.000000000102693	1.000000000220725	1.000000000151663	1.000000000152007
 1.000000000097831	1.000000000210741	1.000000000144647	1.000000000144976
 1.000000000093196	1.000000000201202	1.000000000137951	1.000000000138265
 1.000000000088778	1.000000000192090	1.000000000131560	1.000000000131861
 1.000000000084566	1.000000000183385	1.000000000125462	1.000000000125750
 1.000000000080552	1.000000000175069	1.000000000119643	1.000000000119919
 1.000000000076726	1.000000000167126	1.000000000114090	1.000000000114354
 1.000000000073079	1.000000000159538	1.000000000108791	1.000000000109044
 1.000000000069603	1.000000000152290	1.000000000103736	1.000000000103978
 1.000000000066291	1.000000000145368	1.000000000098912	1.000000000099144
 1.000000000063134	1.000000000138756	1.000000000094310	1.000000000094532
 1.000000000060125	1.000000000132441	1.000000000089919	1.000000000090131
 1.000000000057258	1.000000000126409	1.000000000085730	1.000000000085933
 1.000000000054526	1.000000000120649	1.000000000081734	1.000000000081928
 1.000000000051923	1.000000000115148	1.000000000077921	1.000000000078107
 1.000000000049442	1.000000000109894	1.000000000074284	1.000000000074462
 1.000000000047079	1.000000000104877	1.000000000070815	1.000000000070985
 1.000000000044827	1.000000000100087	1.000000000067506	1.000000000067669
 1.000000000042681	1.000000000095512	1.000000000064349	1.000000000064505
 1.000000000040637	1.000000000091144	1.000000000061338	1.000000000061487
 1.000000000038689	1.000000000086973	1.000000000058466	1.000000000058609
 1.000000000036834	1.000000000082991	1.000000000055727	1.000000000055864
 1.000000000035066	1.000000000079188	1.000000000053115	1.000000000053245
 1.000000000033383	1.000000000075558	1.000000000050623	1.000000000050749
 1.000000000031779	1.000000000072092	1.000000000048247	1.000000000048367
 1.000000000030251	1.000000000068783	1.000000000045982	1.000000000046096
 1.000000000028796	1.000000000065624	1.000000000043821	1.000000000043930
 1.000000000027409	1.000000000062608	1.000000000041761	1.000000000041865
 1.000000000026089	1.000000000059730	1.000000000039796	1.000000000039896
 1.000000000024832	1.000000000056982	1.000000000037923	1.000000000038018
 1.000000000023634	1.000000000054358	1.000000000036136	1.000000000036227
 1.000000000022494	1.000000000051855	1.000000000034433	1.000000000034520
 1.000000000021408	1.000000000049465	1.000000000032809	1.000000000032893
 1.000000000020373	1.000000000047184	1.000000000031261	1.000000000031340
 1.000000000019388	1.000000000045006	1.000000000029784	1.000000000029861
 1.000000000018450	1.000000000042929	1.000000000028377	1.000000000028450
 1.000000000017557	1.000000000040945	1.000000000027035	1.000000000027106
 1.000000000016707	1.000000000039053	1.000000000025757	1.000000000025824
 1.000000000015897	1.000000000037246	1.000000000024537	1.000000000024602
 1.000000000015126	1.000000000035522	1.000000000023376	1.000000000023437
 1.000000000014392	1.000000000033878	1.000000000022268	1.000000000022326
 1.000000000013693	1.000000000032308	1.000000000021212	1.000000000021268
 1.000000000013028	1.000000000030810	1.000000000020205	1.000000000020259
 1.000000000012395	1.000000000029381	1.000000000019246	1.000000000019297
 1.000000000011792	1.000000000028018	1.000000000018332	1.000000000018381
 1.000000000011218	1.000000000026716	1.000000000017460	1.000000000017507
 1.000000000010672	1.000000000025475	1.000000000016630	1.000000000016675
 1.000000000010152	1.000000000024291	1.000000000015839	1.000000000015882
 1.000000000009657	1.000000000023161	1.000000000015085	1.000000000015126
 1.000000000009186	1.000000000022083	1.000000000014366	1.000000000014405
 1.000000000008737	1.000000000021054	1.000000000013681	1.000000000013719
 1.000000000008310	1.000000000020073	1.000000000013029	1.000000000013064
 1.000000000007904	1.000000000019137	1.000000000012407	1.000000000012441
 1.000000000007518	1.000000000018244	1.000000000011815	1.000000000011847
 1.000000000007150	1.000000000017393	1.000000000011250	1.000000000011281
 1.000000000006799	1.000000000016581	1.000000000010712	1.000000000010742
 1.000000000006466	1.000000000015806	1.000000000010200	1.000000000010228
 1.000000000006149	1.000000000015067	1.000000000009712	1.000000000009739
 1.000000000005848	1.000000000014362	1.000000000009246	1.000000000009272
 1.000000000005561	1.000000000013690	1.000000000008803	1.000000000008828
 1.000000000005288	1.000000000013048	1.000000000008381	1.000000000008405
 1.000000000005028	1.000000000012437	1.000000000007979	1.000000000008002
 1.000000000004781	1.000000000011854	1.000000000007596	1.000000000007618
 1.000000000004545	1.000000000011298	1.000000000007231	1.000000000007252
 1.000000000004322	1.000000000010767	1.000000000006884	1.000000000006904
 1.000000000004109	1.000000000010262	1.000000000006553	1.000000000006572
 1.000000000003906	1.000000000009779	1.000000000006238	1.000000000006256
 1.000000000003714	1.000000000009319	1.000000000005937	1.000000000005955
 1.000000000003531	1.000000000008881	1.000000000005651	1.000000000005668
 1.000000000003356	1.000000000008463	1.000000000005379	1.000000000005395
 1.000000000003190	1.000000000008064	1.000000000005120	1.000000000005135
 1.000000000003033	1.000000000007684	1.000000000004873	1.000000000004887
 1.000000000002883	1.000000000007322	1.000000000004637	1.000000000004651
 1.000000000002740	1.000000000006976	1.000000000004413	1.000000000004426
 1.000000000002605	1.000000000006647	1.000000000004200	1.000000000004213
 1.000000000002476	1.000000000006333	1.000000000003997	1.000000000004009
 1.000000000002353	1.000000000006034	1.000000000003803	1.000000000003815
 1.000000000002236	1.000000000005749	1.000000000003619	1.000000000003630
 1.000000000002125	1.000000000005477	1.000000000003444	1.000000000003455
 1.000000000002019	1.000000000005217	1.000000000003277	1.000000000003287
 1.000000000001919	1.000000000004970	1.000000000003118	1.000000000003128
 1.000000000001824	1.000000000004734	1.000000000002967	1.000000000002976
 1.000000000001733	1.000000000004510	1.000000000002823	1.000000000002832
 1.000000000001647	1.000000000004296	1.000000000002686	1.000000000002694
 1.000000000001565	1.000000000004092	1.000000000002556	1.000000000002563
 1.000000000001487	1.000000000003898	1.000000000002431	1.000000000002439
 1.000000000001413	1.000000000003713	1.000000000002313	1.000000000002320
 1.000000000001342	1.000000000003536	1.000000000002200	1.000000000002207
 1.000000000001275	1.000000000003368	1.000000000002093	1.000000000002100
 1.000000000001212	1.000000000003208	1.000000000001991	1.000000000001997
 1.000000000001151	1.000000000003055	1.000000000001894	1.000000000001900
 1.000000000001094	1.000000000002910	1.000000000001802	1.000000000001807
 1.000000000001039	1.000000000002771	1.000000000001714	1.000000000001719
 1.000000000000987	1.000000000002639	1.000000000001630	1.000000000001635
 1.000000000000937	1.000000000002513	1.000000000001551	1.000000000001555
 1.000000000000890	1.000000000002393	1.000000000001475	1.000000000001479
 1.000000000000846	1.000000000002279	1.000000000001403	1.000000000001407
 1.000000000000803	1.000000000002170	1.000000000001334	1.000000000001338
 1.000000000000763	1.000000000002066	1.000000000001269	1.000000000001273
 1.000000000000725	1.000000000001967	1.000000000001207	1.000000000001210
 1.000000000000688	1.000000000001873	1.000000000001148	1.000000000001151
 1.000000000000653	1.000000000001783	1.000000000001091	1.000000000001094
 1.000000000000621	1.000000000001698	1.000000000001037	1.000000000001041
 1.000000000000589	1.000000000001616	1.000000000000986	1.000000000000990
 1.000000000000560	1.000000000001539	1.000000000000938	1.000000000000941
 1.000000000000531	1.000000000001465	1.000000000000892	1.000000000000895
 1.000000000000504	1.000000000001395	1.000000000000848	1.000000000000851
 1.000000000000479	1.000000000001328	1.000000000000806	1.000000000000809
 1.000000000000455	1.000000000001264	1.000000000000767	1.000000000000769
 1.000000000000432	1.000000000001203	1.000000000000729	1.000000000000731
 1.000000000000410	1.000000000001145	1.000000000000693	1.000000000000695
 1.000000000000389	1.000000000001090	1.000000000000659	1.000000000000661
 1.000000000000370	1.000000000001038	1.000000000000626	1.000000000000628
 1.000000000000351	1.000000000000988	1.000000000000596	1.000000000000597
 1.000000000000333	1.000000000000940	1.000000000000566	1.000000000000568
 1.000000000000316	1.000000000000895	1.000000000000538	1.000000000000540
 1.000000000000300	1.000000000000852	1.000000000000512	1.000000000000513
 1.000000000000285	1.000000000000811	1.000000000000486	1.000000000000488
 1.000000000000271	1.000000000000772	1.000000000000462	1.000000000000464
 1.000000000000257	1.000000000000734	1.000000000000439	1.000000000000441
 1.000000000000244	1.000000000000699	1.000000000000417	1.000000000000419
 1.000000000000231	1.000000000000665	1.000000000000397	1.000000000000398
 1.000000000000220	1.000000000000633	1.000000000000377	1.000000000000378
 1.000000000000208	1.000000000000602	1.000000000000359	1.000000000000359
 1.000000000000198	1.000000000000573	1.000000000000341	1.000000000000342
 1.000000000000188	1.000000000000545	1.000000000000324	1.000000000000325
 1.000000000000178	1.000000000000519	1.000000000000308	1.000000000000309
 1.000000000000169	1.000000000000494	1.000000000000293	1.000000000000293
 1.000000000000161	1.000000000000470	1.000000000000278	1.000000000000279
 1.000000000000152	1.000000000000447	1.000000000000264	1.000000000000265
 1.000000000000145	1.000000000000425	1.000000000000251	1.000000000000252
 1.000000000000137	1.000000000000405	1.000000000000239	1.000000000000239
 1.000000000000130	1.000000000000385	1.000000000000227	1.000000000000227
 1.000000000000123	1.000000000000366	1.000000000000216	1.000000000000216
 1.000000000000117	1.000000000000348	1.000000000000205	1.000000000000205
 1.000000000000111	1.000000000000332	1.000000000000195	1.000000000000195
 1.000000000000105	1.000000000000315	1.000000000000185	1.000000000000185
 1.000000000000100	1.000000000000300	1.000000000000176	1.000000000000176
 1.000000000000095	1.000000000000285	1.000000000000167	1.000000000000167
 1.000000000000090	1.000000000000271	1.000000000000159	1.000000000000159
 1.000000000000085	1.000000000000258	1.000000000000151	1.000000000000151
 1.000000000000081	1.000000000000245	1.000000000000144	1.000000000000143
 1.000000000000077	1.000000000000233	1.000000000000136	1.000000000000136
 1.000000000000073	1.000000000000222	1.000000000000129	1.000000000000129
 1.000000000000069	1.000000000000211	1.000000000000123	1.000000000000123
 1.000000000000066	1.000000000000201	1.000000000000117	1.000000000000117
 1.000000000000062	1.000000000000191	1.000000000000111	1.000000000000111
 1.000000000000059	1.000000000000182	1.000000000000105	1.000000000000105
 1.000000000000056	1.000000000000173	1.000000000000100	1.000000000000100
 1.000000000000053	1.000000000000164	1.000000000000095	1.000000000000095
 1.000000000000050	1.000000000000156	1.000000000000090	1.000000000000090
 1.000000000000048	1.000000000000149	1.000000000000086	1.000000000000085
 1.000000000000045	1.000000000000141	1.000000000000081	1.000000000000081
 1.000000000000043	1.000000000000134	1.000000000000077	1.000000000000077
 1.000000000000041	1.000000000000128	1.000000000000073	1.000000000000073
 1.000000000000039	1.000000000000121	1.000000000000070	1.000000000000069
 1.000000000000037	1.000000000000115	1.000000000000066	1.000000000000066
 1.000000000000035	1.000000000000110	1.000000000000063	1.000000000000063
 1.000000000000033	1.000000000000104	1.000000000000060	1.000000000000060
 1.000000000000031	1.000000000000099	1.000000000000057	1.000000000000057
 1.000000000000030	1.000000000000094	1.000000000000054	1.000000000000054
 1.000000000000028	1.000000000000090	1.000000000000051	1.000000000000051
 1.000000000000026	1.000000000000085	1.000000000000048	1.000000000000048
 1.000000000000025	1.000000000000081	1.000000000000046	1.000000000000046
 1.000000000000024	1.000000000000077	1.000000000000044	1.000000000000044
 1.000000000000022	1.000000000000073	1.000000000000042	1.000000000000042
 1.000000000000021	1.000000000000070	1.000000000000039	1.000000000000039
 1.000000000000020	1.000000000000066	1.000000000000037	1.000000000000037
 1.000000000000019	1.000000000000063	1.000000000000036	1.000000000000036
 1.000000000000018	1.000000000000060	1.000000000000034	1.000000000000034
 1.000000000000017	1.000000000000057	1.000000000000032	1.000000000000032
 1.000000000000016	1.000000000000054	1.000000000000030	1.000000000000030
 1.000000000000016	1.000000000000051	1.000000000000029	1.000000000000029
 1.000000000000015	1.000000000000049	1.000000000000027	1.000000000000027
 1.000000000000014	1.000000000000046	1.000000000000026	1.000000000000026
 1.000000000000013	1.000000000000044	1.000000000000025	1.000000000000025
 1.000000000000013	1.000000000000042	1.000000000000023	1.000000000000023
 1.000000000000012	1.000000000000040	1.000000000000022	1.000000000000022
 1.000000000000011	1.000000000000038	1.000000000000021	1.000000000000021
 1.000000000000011	1.000000000000036	1.000000000000020	1.000000000000020
 1.000000000000010	1.000000000000034	1.000000000000019	1.000000000000019
 1.000000000000010	1.000000000000032	1.000000000000018	1.000000000000018
 1.000000000000009	1.000000000000031	1.000000000000017	1.000000000000017
 1.000000000000009	1.000000000000029	1.000000000000016	1.000000000000016
 1.000000000000008	1.000000000000028	1.000000000000016	1.000000000000015
 1.000000000000008	1.000000000000026	1.000000000000015	1.000000000000015
 1.000000000000007	1.000000000000025	1.000000000000014	1.000000000000014
 1.000000000000007	1.000000000000024	1.000000000000013	1.000000000000013
 1.000000000000006	1.000000000000023	1.000000000000012	1.000000000000012
 1.000000000000006	1.000000000000022	1.000000000000012	1.000000000000012
 1.000000000000006	1.000000000000020	1.000000000000011	1.000000000000011
 1.000000000000006	1.000000000000019	1.000000000000011	1.000000000000011
 1.000000000000005	1.000000000000019	1.000000000000010	1.000000000000010
 1.000000000000005	1.000000000000018	1.000000000000010	1.000000000000010
 1.000000000000005	1.000000000000017	1.000000000000010	1.000000000000009
 1.000000000000005	1.000000000000016	1.000000000000009	1.000000000000009
 1.000000000000004	1.000000000000015	1.000000000000009	1.000000000000008
 1.000000000000004	1.000000000000014	1.000000000000008	1.000000000000008
 1.000000000000004	1.000000000000014	1.000000000000008	1.000000000000007
 1.000000000000004	1.000000000000013	1.000000000000007	1.000000000000007
 1.000000000000004	1.000000000000012	1.000000000000007	1.000000000000007
 1.000000000000003	1.000000000000012	1.000000000000006	1.000000000000006
 1.000000000000003	1.000000000000011	1.000000000000006	1.000000000000006
 1.000000000000003	1.000000000000010	1.000000000000006	1.000000000000006
 1.000000000000003	1.000000000000010	1.000000000000005	1.000000000000005
 1.000000000000002	1.000000000000010	1.000000000000005	1.000000000000005
 1.000000000000002	1.000000000000009	1.000000000000004	1.000000000000005
 1.000000000000002	1.000000000000009	1.000000000000004	1.000000000000005
 1.000000000000002	1.000000000000008	1.000000000000004	1.000000000000004
 1.000000000000002	1.000000000000008	1.000000000000004	1.000000000000004
 1.000000000000002	1.000000000000008	1.000000000000004	1.000000000000004
 1.000000000000002	1.000000000000007	1.000000000000004	1.000000000000004
 1.000000000000002	1.000000000000007	1.000000000000004	1.000000000000004
 1.000000000000002	1.000000000000006	1.000000000000004	1.000000000000003
 1.000000000000002	1.000000000000006	1.000000000000004	1.000000000000003
 1.000000000000002	1.000000000000006	1.000000000000004	1.000000000000003
 1.000000000000002	1.000000000000006	1.000000000000004	1.000000000000003
 1.000000000000002	1.000000000000005	1.000000000000004	1.000000000000003
 1.000000000000002	1.000000000000005	1.000000000000004	1.000000000000002
 1.000000000000002	1.000000000000005	1.000000000000004	1.000000000000002
 1.000000000000002	1.000000000000005	1.000000000000004	1.000000000000002
 1.000000000000002	1.000000000000004	1.000000000000004	1.000000000000002
 1.000000000000002	1.000000000000004	1.000000000000004	1.000000000000002
 1.000000000000002	1.000000000000004	1.000000000000004	1.000000000000002
 1.000000000000002	1.000000000000004	1.000000000000004	1.000000000000002
 1.000000000000002	1.000000000000004	1.000000000000004	1.000000000000002
 1.000000000000002	1.000000000000003	1.000000000000004	1.000000000000002
 1.000000000000002	1.000000000000003	1.000000000000004	1.000000000000002
 1.000000000000002	1.000000000000003	1.000000000000004	1.000000000000002
 1.000000000000002	1.000000000000003	1.000000000000004	1.000000000000001
 1.000000000000002	1.000000000000002	1.000000000000004	1.000000000000001
 1.000000000000002	1.000000000000002	1.000000000000004	1.000000000000001
 1.000000000000002	1.000000000000002	1.000000000000004	1.000000000000001
 1.000000000000002	1.000000000000002	1.000000000000004	1.000000000000001
 1.000000000000002	1.000000000000002	1.000000000000004	1.000000000000001
 1.000000000000002	1.000000000000002	1.000000000000004	1.000000000000001
 1.000000000000002	1.000000000000002	1.000000000000004	1.000000000000001
 1.000000000000002	1.000000000000002	1.000000000000004	1.000000000000001
 1.000000000000002	1.000000000000002	1.000000000000004	1.000000000000001
 1.000000000000002	1.000000000000002	1.000000000000004	1.000000000000001
 1.000000000000002	1.000000000000002	1.000000000000004	1.000000000000001
 1.000000000000002	1.000000000000002	1.000000000000004	1.000000000000001
 1.000000000000002	1.000000000000002	1.000000000000004	1.000000000000001
 1.000000000000002	1.000000000000002	1.000000000000004	1.000000000000001
 1.000000000000002	1.000000000000002	1.000000000000004	1.000000000000001
 1.000000000000002	1.000000000000002	1.000000000000004	1.000000000000001
 1.000000000000002	1.000000000000002	1.000000000000004	1.000000000000001
 1.000000000000002	1.000000000000002	1.000000000000004	1.000000000000000
 1.000000000000002	1.000000000000002	1.000000000000004	1.000000000000000
 1.000000000000002	1.000000000000002	1.000000000000004	1.000000000000000
 1.000000000000002	1.000000000000002	1.000000000000004	1.000000000000000
 1.000000000000002	1.000000000000002	1.000000000000004	1.000000000000000
 1.000000000000002	1.000000000000002	1.000000000000004	1.000000000000000
 1.000000000000002	1.000000000000002	1.000000000000004	1.000000000000000
 1.000000000000002	1.000000000000002	1.000000000000004	1.000000000000000
 1.000000000000002	1.000000000000002	1.000000000000004	1.000000000000000
 1.000000000000002	1.000000000000002	1.000000000000004	1.000000000000000
 1.000000000000002	1.000000000000002	1.000000000000004	1.000000000000000
 1.000000000000002	1.000000000000002	1.000000000000004	1.000000000000000
 1.000000000000002	1.000000000000002	1.000000000000004	1.000000000000000
 1.000000000000002	1.000000000000002	1.000000000000004	1.000000000000000
 1.000000000000002	1.000000000000002	1.000000000000004	1.000000000000000
 1.000000000000002	1.000000000000002	1.000000000000004	1.000000000000000
 1.000000000000002	1.000000000000002	1.000000000000004	1.000000000000000
 1.000000000000002	1.000000000000002	1.000000000000004	1.000000000000000
 1.000000000000002	1.000000000000002	1.000000000000004	1.000000000000000
 1.000000000000002	1.000000000000002	1.000000000000004	1.000000000000000
 1.000000000000002	1.000000000000002	1.000000000000004	1.000000000000000
 1.000000000000002	1.000000000000002	1.000000000000004	1.000000000000000
 1.000000000000002	1.000000000000002	1.000000000000004	1.000000000000000
 1.000000000000002	1.000000000000002	1.000000000000004	1.000000000000000
 1.000000000000002	1.000000000000002	1.000000000000004	1.000000000000000
 1.000000000000002	1.000000000000002	1.000000000000004	1.000000000000000
 1.000000000000002	1.000000000000002	1.000000000000004	1.000000000000000
 1.000000000000002	1.000000000000002	1.000000000000004	1.000000000000000
 1.000000000000002	1.000000000000002	1.000000000000004	1.000000000000000
 1.000000000000002	1.000000000000002	1.000000000000004	1.000000000000000
 1.000000000000002	1.000000000000002	1.000000000000004	1.000000000000000
 1.000000000000002	1.000000000000002	1.000000000000004	1.000000000000000
 1.000000000000002	1.000000000000002	1.000000000000004	1.000000000000000
 1.000000000000002	1.000000000000002	1.000000000000004	1.000000000000000
 1.000000000000002	1.000000000000002	1.000000000000004	1.000000000000000
 1.000000000000002	1.000000000000002	1.000000000000004	1.000000000000000
 1.000000000000002	1.000000000000002	1.000000000000004	1.000000000000000
 1.000000000000002	1.000000000000002	1.000000000000004	1.000000000000000
 1.000000000000002	1.000000000000002	1.000000000000004	1.000000000000000
 1.000000000000002	1.000000000000002	1.000000000000004	1.000000000000000
 1.000000000000002	1.000000000000002	1.000000000000004	1.000000000000000
 1.000000000000002	1.000000000000002	1.000000000000004	1.000000000000000
 1.000000000000002	1.000000000000002	1.000000000000004	1.000000000000000
 1.000000000000002	1.000000000000002	1.000000000000004	1.000000000000000
 1.000000000000002	1.000000000000002	1.000000000000004	1.000000000000000
 1.000000000000002	1.000000000000002	1.000000000000004	1.000000000000000
