-10 -inf
-9.99 -inf
-9.98 -inf
-9.97 -inf
-9.96 -inf
-9.95 -inf
-9.94 -inf
-9.93 -inf
-9.92 -inf
-9.91 -inf
-9.9 -inf
-9.89 -inf
-9.88 -inf
-9.87 -inf
-9.86 -inf
-9.85 -inf
-9.84 -inf
-9.83 -inf
-9.82 -inf
-9.81 -inf
-9.8 -inf
-9.79 -inf
-9.78 -inf
-9.77 -inf
-9.76 -inf
-9.75 -inf
-9.74 -inf
-9.73 -inf
-9.72 -inf
-9.71 -inf
-9.7 -inf
-9.69 -inf
-9.68 -inf
-9.67 -inf
-9.66 -inf
-9.65 -inf
-9.64 -inf
-9.63 -inf
-9.62 -inf
-9.61 -inf
-9.6 -inf
-9.59 -inf
-9.58 -inf
-9.57 -inf
-9.56 -inf
-9.55 -inf
-9.54 -inf
-9.53 -inf
-9.52 -inf
-9.51 -inf
-9.5 -inf
-9.49 -inf
-9.48 -inf
-9.47 -inf
-9.46 -inf
-9.45 -inf
-9.44 -inf
-9.43 -inf
-9.42 -inf
-9.41 -inf
-9.4 -inf
-9.39 -inf
-9.38 -inf
-9.37 -inf
-9.36 -inf
-9.35 -inf
-9.34 -inf
-9.33 -inf
-9.32 -inf
-9.31 -inf
-9.3 -inf
-9.29 -inf
-9.28 -inf
-9.27 -inf
-9.26 -inf
-9.25 -inf
-9.24 -inf
-9.23 -inf
-9.22 -inf
-9.21 -inf
-9.2 -inf
-9.19 -inf
-9.18 -inf
-9.17 -inf
-9.16 -inf
-9.15 -19.2659
-9.14 -19.2659
-9.13 -19.2659
-9.12 -19.2659
-9.11 -19.2659
-9.1 -19.2659
-9.09 -19.2659
-9.08 -19.2659
-9.07 -19.2659
-9.06 -19.2659
-9.05 -19.2659
-9.04 -19.2659
-9.03 -19.2659
-9.02 -19.2659
-9.01 -19.2659
-9 -19.2659
-8.99 -19.2659
-8.98 -19.2659
-8.97 -19.2659
-8.96 -19.2659
-8.95 -19.2659
-8.94 -19.2659
-8.93 -19.2659
-8.92 -19.2659
-8.91 -19.2659
-8.9 -19.2659
-8.89 -19.2659
-8.88 -18.9649
-8.87 -18.9649
-8.86 -18.9649
-8.85 -18.9649
-8.84 -18.9649
-8.83 -18.9649
-8.82 -18.9649
-8.81 -18.9649
-8.8 -18.9649
-8.79 -18.9649
-8.78 -18.7888
-8.77 -18.7888
-8.76 -18.7888
-8.75 -18.7888
-8.74 -18.7888
-8.73 -18.7888
-8.72 -18.7888
-8.71 -18.6639
-8.7 -18.6639
-8.69 -18.6639
-8.68 -18.6639
-8.67 -18.6639
-8.66 -18.6639
-8.65 -18.5669
-8.64 -18.5669
-8.63 -18.5669
-8.62 -18.5669
-8.61 -18.4878
-8.6 -18.4878
-8.59 -18.4878
-8.58 -18.4878
-8.57 -18.4208
-8.56 -18.4208
-8.55 -18.4208
-8.54 -18.3628
-8.53 -18.3628
-8.52 -18.3628
-8.51 -18.3117
-8.5 -18.3117
-8.49 -18.2659
-8.48 -18.2659
-8.47 -18.2245
-8.46 -18.2245
-8.45 -18.1867
-8.44 -18.1867
-8.43 -18.152
-8.42 -18.152
-8.41 -18.1198
-8.4 -18.0898
-8.39 -18.0898
-8.38 -18.0618
-8.37 -18.0355
-8.36 -18.0106
-8.35 -18.0106
-8.34 -17.9872
-8.33 -17.9649
-8.32 -17.9437
-8.31 -17.9235
-8.3 -17.9042
-8.29 -17.8857
-8.28 -17.868
-8.27 -17.8346
-8.26 -17.8188
-8.25 -17.8035
-8.24 -17.7746
-8.23 -17.7608
-8.22 -17.7344
-8.21 -17.7219
-8.2 -17.6977
-8.19 -17.6861
-8.18 -17.6639
-8.17 -17.6427
-8.16 -17.6225
-8.15 -17.6032
-8.14 -17.5847
-8.13 -17.5583
-8.12 -17.5416
-8.11 -17.5177
-8.1 -17.5025
-8.09 -17.4806
-8.08 -17.4597
-8.07 -17.4398
-8.06 -17.4208
-8.05 -17.4026
-8.04 -17.3794
-8.03 -17.3628
-8.02 -17.3416
-8.01 -17.3214
-8 -17.3021
-7.99 -17.2791
-7.98 -17.2616
-7.97 -17.2406
-7.96 -17.2206
-7.95 -17.2015
-7.94 -17.1796
-7.93 -17.1621
-7.92 -17.1421
-7.91 -17.1198
-7.9 -17.1016
-7.89 -17.0812
-7.88 -17.0618
-7.87 -17.0406
-7.86 -17.0204
-7.85 -17.0011
-7.84 -16.9804
-7.83 -16.9606
-7.82 -16.9416
-7.81 -16.9215
-7.8 -16.9004
-7.79 -16.8803
-7.78 -16.8611
-7.77 -16.841
-7.76 -16.8203
-7.75 -16.8005
-7.74 -16.7816
-7.73 -16.7608
-7.72 -16.7409
-7.71 -16.7206
-7.7 -16.7013
-7.69 -16.6816
-7.68 -16.6606
-7.67 -16.6406
-7.66 -16.6215
-7.65 -16.6013
-7.64 -16.5811
-7.63 -16.5609
-7.62 -16.5408
-7.61 -16.5208
-7.6 -16.501
-7.59 -16.4813
-7.58 -16.4611
-7.57 -16.4411
-7.56 -16.4208
-7.55 -16.4008
-7.54 -16.3811
-7.53 -16.3612
-7.52 -16.3411
-7.51 -16.3209
-7.5 -16.3012
-7.49 -16.2809
-7.48 -16.2612
-7.47 -16.241
-7.46 -16.221
-7.45 -16.2011
-7.44 -16.181
-7.43 -16.1611
-7.42 -16.1411
-7.41 -16.121
-7.4 -16.101
-7.39 -16.0809
-7.38 -16.061
-7.37 -16.0411
-7.36 -16.0211
-7.35 -16.0011
-7.34 -15.981
-7.33 -15.961
-7.32 -15.9686
-7.31 -15.9911
-7.3 -16.0157
-7.29 -16.0432
-7.28 -16.0739
-7.27 -16.1088
-7.26 -16.1483
-7.25 -16.1944
-7.24 -16.2481
-7.23 -16.3126
-7.22 -16.3926
-7.21 -16.4958
-7.2 -16.6386
-7.19 -16.8662
-7.18 -17.4208
-7.17 -17.1867
-7.16 -16.7621
-7.15 -16.5441
-7.14 -16.3943
-7.13 -16.2778
-7.12 -16.1828
-7.11 -16.101
-7.1 -16.0294
-7.09 -15.9653
-7.08 -16.008
-7.07 -16.0869
-7.06 -16.1886
-7.05 -16.3284
-7.04 -16.5499
-7.03 -17.0645
-7.02 -16.9235
-7.01 -16.4763
-7 -16.2527
-6.99 -16.0998
-6.98 -15.9824
-6.97 -16.036
-6.96 -16.1871
-6.95 -16.4353
-6.94 -17.1553
-6.93 -16.6185
-6.92 -16.2472
-6.91 -16.0427
-6.9 -16.0189
-6.89 -16.2337
-6.88 -16.7145
-6.87 -16.6639
-6.86 -16.19
-6.85 -15.9608
-6.84 -16.1831
-6.83 -16.7874
-6.82 -16.4537
-6.81 -16.0498
-6.8 -16.1173
-6.79 -16.7662
-6.78 -16.3484
-6.77 -15.9595
-6.76 -16.3532
-6.75 -16.5713
-6.74 -15.9941
-6.73 -16.3699
-6.72 -16.4086
-6.71 -16.0111
-6.7 -17.1046
-6.69 -16.0659
-6.68 -16.4214
-6.67 -16.1871
-6.66 -16.3069
-6.65 -16.1977
-6.64 -16.3926
-6.63 -16.0801
-6.62 -17.0279
-6.61 -16.0184
-6.6 -16.3355
-6.59 -16.5652
-6.58 -16.0289
-6.57 -16.1584
-6.56 -16.7422
-6.55 -16.5994
-6.54 -16.2218
-6.53 -16.0651
-6.52 -15.9876
-6.51 -15.9584
-6.5 -15.9706
-6.49 -16.0296
-6.48 -16.1628
-6.47 -16.4899
-6.46 -16.7932
-6.45 -16.1115
-6.44 -16.1547
-6.43 -16.7319
-6.42 -15.9987
-6.41 -16.7383
-6.4 -16.1604
-6.39 -16.0846
-6.38 -16.5335
-6.37 -17.2747
-6.36 -16.6861
-6.35 -16.8035
-6.34 -16.9826
-6.33 -16.2321
-6.32 -16.0362
-6.31 -17.4271
-6.3 -16.0128
-6.29 -16.2951
-6.28 -17.3574
-6.27 -16.8949
-6.26 -18.152
-6.25 -16.335
-6.24 -16.0143
-6.23 -16.7608
-6.22 -16.2694
-6.21 -16.0637
-6.2 -16.1043
-6.19 -16.5416
-6.18 -16.1842
-6.17 -16.7902
-6.16 -16.3069
-6.15 -16.4995
-6.14 -16.408
-6.13 -16.2481
-6.12 -16.0279
-6.11 -16.1543
-6.1 -16.7567
-6.09 -16.3012
-6.08 -16.3239
-6.07 -16.5449
-6.06 -16.3897
-6.05 -16.5287
-6.04 -16.1813
-6.03 -16.5618
-6.02 -16.0895
-6.01 -16.9987
-6 -16.3985
-5.99 -16.3365
-5.98 -16.676
-5.97 -15.992
-5.96 -16.2155
-5.95 -15.9679
-5.94 -16.4631
-5.93 -16.436
-5.92 -15.9686
-5.91 -16.4074
-5.9 -16.5975
-5.89 -16.1849
-5.88 -16.1513
-5.87 -16.2738
-5.86 -16.7991
-5.85 -16.1864
-5.84 -15.9835
-5.83 -16.0974
-5.82 -16.4995
-5.81 -16.4252
-5.8 -16.0812
-5.79 -16.2007
-5.78 -16.3585
-5.77 -16.0239
-5.76 -17.1388
-5.75 -16.7422
-5.74 -16.0986
-5.73 -16.3151
-5.72 -16.0294
-5.71 -16.6108
-5.7 -15.9929
-5.69 -16.1857
-5.68 -16.9235
-5.67 -16.2206
-5.66 -16.3093
-5.65 -16.0234
-5.64 -16.2756
-5.63 -15.9945
-5.62 -16.3026
-5.61 -16.4591
-5.6 -16.3304
-5.59 -16.2543
-5.58 -16.5232
-5.57 -16.1992
-5.56 -16.4366
-5.55 -16.1327
-5.54 -17.1167
-5.53 -16.2814
-5.52 -16.1295
-5.51 -15.9983
-5.5 -16.3521
-5.49 -16.7718
-5.48 -16.9606
-5.47 -16.0385
-5.46 -16.2406
-5.45 -16.4721
-5.44 -16.0002
-5.43 -16.1106
-5.42 -16.4523
-5.41 -16.2791
-5.4 -16.5146
-5.39 -16.8949
-5.38 -16.3996
-5.37 -16.0537
-5.36 -16.2003
-5.35 -16.8172
-5.34 -16.144
-5.33 -16.0503
-5.32 -16.0256
-5.31 -16.1642
-5.3 -16.2297
-5.29 -16.4411
-5.28 -17.2015
-5.27 -16.2361
-5.26 -16.1395
-5.25 -16.3891
-5.24 -16.0409
-5.23 -16.3979
-5.22 -16.3334
-5.21 -16.6365
-5.2 -16.0266
-5.19 -16.8476
-5.18 -15.9883
-5.17 -16.1926
-5.16 -16.3345
-5.15 -16.2273
-5.14 -16.0664
-5.13 -16.0104
-5.12 -16.2651
-5.11 -16.0145
-5.1 -16.6375
-5.09 -15.9599
-5.08 -16.1076
-5.07 -16.4707
-5.06 -16.1076
-5.05 -16.1506
-5.04 -16.1158
-5.03 -16.1016
-5.02 -16.1201
-5.01 -15.9734
-5 -18.3628
-4.99 -16.2756
-4.98 -15.9599
-4.97 -16.5704
-4.96 -16.0391
-4.95 -15.9723
-4.94 -15.9569
-4.93 -15.9632
-4.92 -16.0406
-4.91 -16.0861
-4.9 -16.0759
-4.89 -16.0251
-4.88 -16.3437
-4.87 -17.3416
-4.86 -16.447
-4.85 -16.158
-4.84 -16.285
-4.83 -17.5669
-4.82 -16.2616
-4.81 -16.7256
-4.8 -16.1145
-4.79 -16.0858
-4.78 -16.2015
-4.77 -16.0692
-4.76 -16.2269
-4.75 -16.4431
-4.74 -16.6542
-4.73 -16.358
-4.72 -16.6977
-4.71 -17.038
-4.7 -16.2827
-4.69 -16.0971
-4.68 -16.0818
-4.67 -16.6117
-4.66 -16.7256
-4.65 -16.1324
-4.64 -16.5263
-4.63 -16.0556
-4.62 -16.0047
-4.61 -16.1016
-4.6 -17.0869
-4.59 -16.8628
-4.58 -15.9677
-4.57 -15.9759
-4.56 -15.9686
-4.55 -16.3914
-4.54 -16.0009
-4.53 -16.015
-4.52 -16.0342
-4.51 -16.3259
-4.5 -17.3851
-4.49 -16.0659
-4.48 -16.8732
-4.47 -16.3289
-4.46 -16.5856
-4.45 -16.3542
-4.44 -17.209
-4.43 -16.6671
-4.42 -16.651
-4.41 -16.1673
-4.4 -16.3122
-4.39 -16.2535
-4.38 -17.0329
-4.37 -16.3411
-4.36 -16.0613
-4.35 -16.5368
-4.34 -16.127
-4.33 -16.5687
-4.32 -15.9865
-4.31 -16.4721
-4.3 -15.9906
-4.29 -16.1728
-4.28 -16.4283
-4.27 -16.449
-4.26 -16.1378
-4.25 -16.079
-4.24 -18.2659
-4.23 -17.2573
-4.22 -16.6715
-4.21 -16.0391
-4.2 -16.1124
-4.19 -16.0516
-4.18 -16.223
-4.17 -16.6531
-4.16 -16.47
-4.15 -16.1496
-4.14 -16.1207
-4.13 -17.0841
-4.12 -15.9941
-4.11 -16.0136
-4.1 -16.0861
-4.09 -16.0706
-4.08 -16.4806
-4.07 -16.2725
-4.06 -16.4543
-4.05 -16.4214
-4.04 -15.9584
-4.03 -16.1085
-4.02 -16.4431
-4.01 -16.5508
-4 -16.3817
-3.99 -16.5351
-3.98 -16.0548
-3.97 -16.6117
-3.96 -16.4208
-3.95 -17.8188
-3.94 -16.2105
-3.93 -17.194
-3.92 -17.9437
-3.91 -16.846
-3.9 -16.3656
-3.89 -15.9658
-3.88 -16.0309
-3.87 -16.9335
-3.86 -16.7108
-3.85 -16.1669
-3.84 -16.0919
-3.83 -16.3224
-3.82 -16.1088
-3.81 -15.9693
-3.8 -16.0572
-3.79 -17.176
-3.78 -16.1437
-3.77 -16.0476
-3.76 -16.2003
-3.75 -16.2734
-3.74 -17.1796
-3.73 -16.2476
-3.72 -16.9826
-3.71 -16.6146
-3.7 -15.9682
-3.69 -17.6531
-3.68 -16.1563
-3.67 -17.6427
-3.66 -15.9666
-3.65 -16.4026
-3.64 -16.0561
-3.63 -16.1022
-3.62 -16.0332
-3.61 -16.0684
-3.6 -16.2003
-3.59 -16.3645
-3.58 -15.9425
-3.57 -16.0184
-3.56 -16.0656
-3.55 -16.1382
-3.54 -17.8035
-3.53 -15.9141
-3.52 -16.1321
-3.51 -16.3131
-3.5 -16.7621
-3.49 -16.0846
-3.48 -16.685
-3.47 -17.1486
-3.46 -16.3244
-3.45 -17.4398
-3.44 -16.1486
-3.43 -16.384
-3.42 -16.8857
-3.41 -15.7859
-3.4 -16.1666
-3.39 -16.297
-3.38 -16.4892
-3.37 -16.4735
-3.36 -16.3914
-3.35 -16.1019
-3.34 -16.079
-3.33 -16.0629
-3.32 -16.2179
-3.31 -15.8486
-3.3 -16.6022
-3.29 -16.1311
-3.28 -16.0939
-3.27 -15.9347
-3.26 -16.1424
-3.25 -16.54
-3.24 -16.5766
-3.23 -16.1543
-3.22 -16.1337
-3.21 -16.4171
-3.2 -16.1577
-3.19 -17.3117
-3.18 -16.4693
-3.17 -16.1926
-3.16 -16.0296
-3.15 -16.0013
-3.14 -15.9518
-3.13 -15.995
-3.12 -16.7268
-3.11 -16.3026
-3.1 -16.2984
-3.09 -16.2357
-3.08 -16.3955
-3.07 -16.6416
-3.06 -16.1513
-3.05 -16.0801
-3.04 -16.0516
-3.03 -17.4806
-3.02 -16.0422
-3.01 -16.4735
-3 -17.1904
-2.99 -17.2365
-2.98 -16.3794
-2.97 -16.1453
-2.96 -17.0812
-2.95 -16.0251
-2.94 -16.7594
-2.93 -16.2607
-2.92 -16.4086
-2.91 -16.3264
-2.9 -16.2818
-2.89 -16.1133
-2.88 -16.0204
-2.87 -16.0414
-2.86 -15.908
-2.85 -16.0187
-2.84 -16.7774
-2.83 -15.9614
-2.82 -15.8879
-2.81 -16.7845
-2.8 -16.0924
-2.79 -16.0602
-2.78 -16.5224
-2.77 -16.037
-2.76 -16.47
-2.75 -16.5635
-2.74 -15.9595
-2.73 -16.4564
-2.72 -16.4477
-2.71 -16.9215
-2.7 -15.9468
-2.69 -17.0355
-2.68 -16.4315
-2.67 -17.9437
-2.66 -16.0634
-2.65 -16.4411
-2.64 -16.3083
-2.63 -16.2365
-2.62 -16.0559
-2.61 -15.9305
-2.6 -17.0229
-2.59 -16.3789
-2.58 -16.5025
-2.57 -16.0357
-2.56 -16.2501
-2.55 -16.1152
-2.54 -16.3249
-2.53 -16.3244
-2.52 -16.6447
-2.51 -16.0416
-2.5 -16.7976
-2.49 -16.256
-2.48 -16.2712
-2.47 -15.9701
-2.46 -16.7181
-2.45 -15.9375
-2.44 -16.6146
-2.43 -15.8841
-2.42 -16.3151
-2.41 -15.8244
-2.4 -16.6873
-2.39 -16.0936
-2.38 -15.8491
-2.37 -15.9653
-2.36 -16.0342
-2.35 -16.2313
-2.34 -15.8137
-2.33 -16.0068
-2.32 -15.8812
-2.31 -16.037
-2.3 -16.1001
-2.29 -15.9797
-2.28 -16.2378
-2.27 -17.3628
-2.26 -16.3661
-2.25 -16.0299
-2.24 -17.0035
-2.23 -15.9271
-2.22 -16.4424
-2.21 -15.8897
-2.2 -16.2102
-2.19 -15.955
-2.18 -17.6861
-2.17 -16.5154
-2.16 -15.8616
-2.15 -15.9396
-2.14 -16.5271
-2.13 -16.3264
-2.12 -16.4631
-2.11 -16.3553
-2.1 -16.3772
-2.09 -17.0986
-2.08 -16.1142
-2.07 -16.0695
-2.06 -16.29
-2.05 -17.1016
-2.04 -16.4165
-2.03 -15.8171
-2.02 -16.5601
-2.01 -16.451
-2 -16.2655
-1.99 -16.6896
-1.98 -15.8848
-1.97 -16.3229
-1.96 -16.8821
-1.95 -16.3131
-1.94 -16.6606
-1.93 -15.832
-1.92 -16.414
-1.91 -16.0567
-1.9 -16.8188
-1.89 -17.9649
-1.88 -16.2313
-1.87 -17.6861
-1.86 -16.2
-1.85 -16.3064
-1.84 -15.9381
-1.83 -17.0355
-1.82 -15.8789
-1.81 -16.3234
-1.8 -16.2506
-1.79 -15.919
-1.78 -16.4604
-1.77 -16.5516
-1.76 -15.8236
-1.75 -17.6639
-1.74 -15.8548
-1.73 -16.0256
-1.72 -17.1045
-1.71 -16.3955
-1.7 -16.35
-1.69 -16.7976
-1.68 -16.1042
-1.67 -15.8043
-1.66 -16.3136
-1.65 -16.2361
-1.64 -16.419
-1.63 -16.0989
-1.62 -16.1718
-1.61 -16.2071
-1.6 -17.0355
-1.59 -16.2121
-1.58 -16.1697
-1.57 -16.4756
-1.56 -17.868
-1.55 -16.2337
-1.54 -17.0355
-1.53 -16.1486
-1.52 -17.1486
-1.51 -17.1136
-1.5 -16.1039
-1.49 -16.5713
-1.48 -16.304
-1.47 -15.9398
-1.46 -16.7096
-1.45 -16.1728
-1.44 -16.6195
-1.43 -16.19
-1.42 -16.0253
-1.41 -15.8553
-1.4 -16.2265
-1.39 -17.1015
-1.38 -16.9826
-1.37 -18.2659
-1.36 -16.1523
-1.35 -16.5775
-1.34 -16.2659
-1.33 -16.7144
-1.32 -16.2493
-1.31 -15.8657
-1.3 -16.1516
-1.29 -16.1988
-1.28 -15.9677
-1.27 -15.886
-1.26 -15.8677
-1.25 -16.3238
-1.24 -16.2877
-1.23 -15.9002
-1.22 -16.4877
-1.21 -16.0364
-1.2 -16.1921
-1.19 -15.9912
-1.18 -17.2364
-1.17 -15.8729
-1.16 -16.039
-1.15 -16.1766
-1.14 -16.2252
-1.13 -16.4073
-1.12 -15.8903
-1.11 -16.4436
-1.1 -16.3804
-1.09 -16.268
-1.08 -16.1644
-1.07 -16.5712
-1.06 -16.2632
-1.05 -16.2066
-1.04 -16.9415
-1.03 -15.9002
-1.02 -16.4256
-1.01 -16.1156
-1 -13.6933
-0.99 -13.5116
-0.98 -14.5889
-0.97 -13.6303
-0.96 -13.8909
-0.95 -14.3177
-0.94 -13.6213
-0.93 -13.7033
-0.92 -13.6804
-0.91 -13.6837
-0.9 -13.9056
-0.89 -13.7314
-0.88 -14.5311
-0.87 -14.2302
-0.86 -13.6883
-0.85 -13.6698
-0.84 -13.9334
-0.83 -13.7139
-0.82 -14.3724
-0.81 -14.203
-0.8 -14.09
-0.79 -14.4258
-0.78 -14.2143
-0.77 -14.1783
-0.76 -15.2297
-0.75 -13.9188
-0.74 -16.19
-0.73 -14.1648
-0.72 -14.393
-0.71 -14.9832
-0.7 -14.2373
-0.69 -14.7351
-0.68 -14.2384
-0.67 -14.7771
-0.66 -15.5154
-0.65 -14.3742
-0.64 -14.5599
-0.63 -14.2776
-0.62 -14.6743
-0.61 -14.7184
-0.6 -14.4813
-0.59 -14.2552
-0.58 -14.2356
-0.57 -14.5493
-0.56 -14.564
-0.55 -14.1443
-0.54 -14.2778
-0.53 -15.1595
-0.52 -14.4965
-0.51 -14.4578
-0.5 -14.2958
-0.49 -14.4733
-0.48 -14.9605
-0.47 -14.4201
-0.46 -14.7238
-0.45 -14.4369
-0.44 -14.6588
-0.43 -14.5872
-0.42 -15.1431
-0.41 -14.8628
-0.4 -14.7124
-0.39 -15.5607
-0.38 -14.8375
-0.37 -14.7715
-0.36 -15.0636
-0.35 -15.072
-0.34 -15.8076
-0.33 -16.6837
-0.32 -14.9976
-0.31 -14.7237
-0.3 -14.7223
-0.29 -15.7238
-0.28 -14.9446
-0.27 -14.9342
-0.26 -16.4959
-0.25 -15.3202
-0.24 -15.4943
-0.23 -15.2773
-0.22 -15.3312
-0.21 -15.5565
-0.2 -16.1413
-0.19 -15.1392
-0.18 -15.0933
-0.17 -15.211
-0.16 -15.8974
-0.15 -15.4299
-0.14 -15.511
-0.13 -15.8283
-0.12 -15.9083
-0.11 -15.4697
-0.1 -15.4302
-0.09 -15.7184
-0.08 -15.7851
-0.07 -15.9777
-0.06 -16.0117
-0.05 -15.5669
-0.04 -15.2642
-0.03 -15.1975
-0.02 -15.5716
-0.01 -15.7401
0 -15.3553
0.01 -15.7105
0.02 -15.9308
0.03 -15.5938
0.04 -16.1289
0.05 -15.5015
0.06 -15.4254
0.07 -15.3902
0.08 -15.704
0.09 -16.3241
0.1 -16.1305
0.11 -15.6325
0.12 -15.866
0.13 -15.8298
0.14 -15.6438
0.15 -15.4677
0.16 -15.6679
0.17 -15.9525
0.18 -16.8546
0.19 -16.2197
0.2 -15.6463
0.21 -16.6157
0.22 -15.6538
0.23 -15.9575
0.24 -16.0262
0.25 -16.319
0.26 -15.6299
0.27 -15.7194
0.28 -16.052
0.29 -16.206
0.3 -15.688
0.31 -15.9477
0.32 -15.9611
0.33 -16.129
0.34 -15.7391
0.35 -15.7253
0.36 -15.6197
0.37 -17.1263
0.38 -16.2034
0.39 -15.8384
0.4 -16.7798
0.41 -15.6669
0.42 -15.9691
0.43 -15.8953
0.44 -16.4684
0.45 -15.5721
0.46 -18.3092
0.47 -16.1507
0.48 -16.0809
0.49 -15.9186
0.5 -16.6335
0.51 -15.6372
0.52 -16.5767
0.53 -16.2411
0.54 -16.0008
0.55 -16.079
0.56 -16.9723
0.57 -15.3825
0.58 -16.5371
0.59 -15.5309
0.6 -15.6652
0.61 -16.2155
0.62 -15.3301
0.63 -15.8965
0.64 -15.5805
0.65 -16.0799
0.66 -15.8097
0.67 -16.2353
0.68 -16.2536
0.69 -15.6283
0.7 -16.3629
0.71 -17.2716
0.72 -16.582
0.73 -15.9925
0.74 -15.7685
0.75 -15.5532
0.76 -15.8781
0.77 -16.2576
0.78 -15.4942
0.79 -15.7997
0.8 -16.6028
0.81 -15.6376
0.82 -16.2427
0.83 -15.528
0.84 -15.9271
0.85 -15.5757
0.86 -16.1004
0.87 -15.6601
0.88 -15.7741
0.89 -15.9348
0.9 -15.8568
0.91 -15.4678
0.92 -15.3072
0.93 -15.7959
0.94 -15.9194
0.95 -15.1815
0.96 -15.1088
0.97 -15.9831
0.98 -15.3088
0.99 -16.9098
1 -16.0836
1.01 -15.4693
1.02 -15.1648
1.03 -15.1999
1.04 -15.5944
1.05 -17.7931
1.06 -15.5343
1.07 -15.4797
1.08 -16.6742
1.09 -15.3331
1.1 -15.2634
1.11 -15.2408
1.12 -15.1814
1.13 -15.3853
1.14 -15.3229
1.15 -15.2708
1.16 -15.7763
1.17 -15.5438
1.18 -15.4743
1.19 -15.4809
1.2 -15.9183
1.21 -14.8179
1.22 -15.8302
1.23 -15.1233
1.24 -14.9201
1.25 -15.3453
1.26 -15.4051
1.27 -14.9526
1.28 -14.9567
1.29 -15.1178
1.3 -14.9143
1.31 -15.1583
1.32 -14.8147
1.33 -15.2317
1.34 -14.8296
1.35 -15.115
1.36 -15.5907
1.37 -15.3295
1.38 -15.1847
1.39 -14.9107
1.4 -15.0662
1.41 -14.8829
1.42 -14.8399
1.43 -14.9555
1.44 -15.0944
1.45 -15.047
1.46 -15.1371
1.47 -15.2063
1.48 -15.0251
1.49 -16.1194
1.5 -15.2272
1.51 -14.9767
1.52 -14.5446
1.53 -15.1335
1.54 -14.8107
1.55 -14.7463
1.56 -15.4488
1.57 -15.4855
1.58 -14.6641
1.59 -15.4848
1.6 -14.7646
1.61 -15.1354
1.62 -15.168
1.63 -14.9131
1.64 -15.0875
1.65 -14.6497
1.66 -15.1324
1.67 -14.7614
1.68 -15.4451
1.69 -14.7697
1.7 -14.7025
1.71 -14.6465
1.72 -14.7055
1.73 -15.0097
1.74 -15.1111
1.75 -16.0183
1.76 -14.8011
1.77 -14.6392
1.78 -14.6851
1.79 -14.7363
1.8 -14.4646
1.81 -14.2695
1.82 -14.2586
1.83 -14.9578
1.84 -14.2403
1.85 -14.5733
1.86 -14.4098
1.87 -14.2314
1.88 -14.6791
1.89 -15.0688
1.9 -14.3976
1.91 -14.4582
1.92 -14.5008
1.93 -14.606
1.94 -14.1684
1.95 -14.2834
1.96 -14.775
1.97 -14.9175
1.98 -14.482
1.99 -14.8948
2 -16.1537
2.01 -15.4804
2.02 -14.2057
2.03 -14.8473
2.04 -14.2384
2.05 -15.2539
2.06 -14.2497
2.07 -14.8233
2.08 -14.1763
2.09 -14.8888
2.1 -14.4716
2.11 -14.7898
2.12 -14.0711
2.13 -13.8963
2.14 -14.1381
2.15 -14.2042
2.16 -14.0469
2.17 -13.867
2.18 -14.5697
2.19 -14.0801
2.2 -13.9013
2.21 -13.9221
2.22 -13.9267
2.23 -14.7359
2.24 -13.9129
2.25 -14.6081
2.26 -14.0691
2.27 -14.3914
2.28 -14.1976
2.29 -14.232
2.3 -15.0696
2.31 -14.2202
2.32 -14.0474
2.33 -14.1171
2.34 -14.0999
2.35 -13.8972
2.36 -14.2874
2.37 -14.0768
2.38 -13.9832
2.39 -13.8739
2.4 -13.9923
2.41 -13.6577
2.42 -13.6092
2.43 -14.0652
2.44 -13.7908
2.45 -13.7676
2.46 -13.7133
2.47 -13.6868
2.48 -14.4335
2.49 -13.6581
2.5 -13.5556
2.51 -14.0134
2.52 -13.9903
2.53 -14.1138
2.54 -13.8004
2.55 -13.6416
2.56 -14.4673
2.57 -14.2175
2.58 -13.6344
2.59 -13.6119
2.6 -13.7301
2.61 -14.1082
2.62 -13.6362
2.63 -14.6006
2.64 -13.623
2.65 -13.7594
2.66 -14.279
2.67 -14.3533
2.68 -14.4633
2.69 -14.5424
2.7 -14.1786
2.71 -14.0435
2.72 -14.0857
2.73 -13.3338
2.74 -14.2895
2.75 -13.3848
2.76 -13.7422
2.77 -13.2685
2.78 -14.2039
2.79 -14.2117
2.8 -13.6793
2.81 -13.5344
2.82 -13.5126
2.83 -13.7179
2.84 -15.1471
2.85 -13.5799
2.86 0
2.87 0
2.88 0
2.89 0
2.9 0
2.91 0
2.92 0
2.93 0
2.94 0
2.95 0
2.96 0
2.97 0
2.98 0
2.99 0
3 0
